#InstrumentID: Terra 440
#DatasetName: 246TNT2
#SampleInfo: 
#AcquisitionDate: 01/06/17 09:15:15
#IntegrationTime: 800 seconds
#Exposure 80 of 80
#Mode: *defaults*
#CameraParams: cameraSetpoint = -45
#PiezoParams: highPiezoFreq = 1600 lowPiezoFreq = 1550 piezoVolume = 100
#GeometryParams: axisX = 1117.49 axisY = 129 axisZ = 1219.85 sensorAngle1 = 29.6649 sensorAngle3 = 0
#EnergyParams: splitThreshold = 4 CuKaPeak = 601 kBFilterIn = 1
5	59.1744
5.05	58.274
5.1	66.9015
5.15	58.859
5.2	82.2816
5.25	75.2799
5.3	63.7316
5.35	65.7288
5.4	64.1056
5.45	52.0916
5.5	30.9467
5.55	60.7139
5.6	56.9761
5.65	67.517
5.7	60.1646
5.75	60.151
5.8	67.843
5.85	48.6797
5.9	46.1624
5.95	72.2665
6	71.4471
6.05	69.27
6.1	60.3927
6.15	68.836
6.2	70.4926
6.25	58.6629
6.3	71.5608
6.35	49.0254
6.4	72.1798
6.45	60.4787
6.5	67.7219
6.55	54.4088
6.6	69.8971
6.65	74.404
6.7	50.2964
6.75	59.5595
6.8	56.279
6.85	54.6847
6.9	50.4541
6.95	66.4545
7	47.524
7.05	45.7315
7.1	53.4126
7.15	64.1095
7.2	71.5349
7.25	62.3995
7.3	54.0606
7.35	76.1811
7.4	61.4132
7.45	60.7296
7.5	59.185
7.55	54.666
7.6	64.0199
7.65	51.9221
7.7	71.4518
7.75	45.6799
7.8	65.7945
7.85	54.4193
7.9	72.5966
7.95	63.0169
8	71.5415
8.05	46.5698
8.1	48.8746
8.15	61.5779
8.2	42.2631
8.25	69.8746
8.3	81.4319
8.35	72.2693
8.4	45.2118
8.45	55.92
8.5	64.4818
8.55	59.9676
8.6	59.2656
8.65	45.1841
8.7	73.4711
8.75	49.9793
8.8	58.9872
8.85	65.5891
8.9	46.5643
8.95	61.0041
9	69.7176
9.05	51.2074
9.1	75.4301
9.15	48.6117
9.2	81.701
9.25	52.7288
9.3	67.0389
9.35	68.1589
9.4	68.4445
9.45	67.0974
9.5	60.911
9.55	56.6561
9.6	44.9482
9.65	73.3906
9.7	31.515
9.75	72.16
9.8	37.6765
9.85	50.8373
9.9	55.8243
9.95	66.4792
10	58.9885
10.05	58.6297
10.1	49.8767
10.15	50.8988
10.2	82.7629
10.25	60.237
10.3	62.7248
10.35	59.7725
10.4	56.6702
10.45	54.8248
10.5	52.6908
10.55	54.9468
10.6	63.1413
10.65	60.2814
10.7	41.8474
10.75	52.2908
10.8	64.5231
10.85	67.5299
10.9	66.211
10.95	53.151
11	55.9432
11.05	66.1505
11.1	45.5917
11.15	44.83
11.2	48.8805
11.25	54.2868
11.3	55.6409
11.35	51.3885
11.4	61.6975
11.45	75.5248
11.5	67.5513
11.55	47.5185
11.6	59.7186
11.65	61.4428
11.7	40.323
11.75	64.4414
11.8	66.987
11.85	55.0759
11.9	54.2641
11.95	61.8707
12	76.9707
12.05	62.5931
12.1	81.457
12.15	83.5581
12.2	112.518
12.25	124.488
12.3	107.064
12.35	112.235
12.4	166.053
12.45	225.759
12.5	249.205
12.55	260.978
12.6	320.715
12.65	318.123
12.7	223.616
12.75	177.395
12.8	129.098
12.85	123.916
12.9	106.912
12.95	85.4305
13	76.3495
13.05	71.538
13.1	70.586
13.15	60.8143
13.2	48.6159
13.25	42.6165
13.3	66.3872
13.35	54.2233
13.4	56.9829
13.45	61.496
13.5	55.7102
13.55	42.3445
13.6	52.2115
13.65	67.4755
13.7	68.9654
13.75	51.1205
13.8	53.2943
13.85	55.9634
13.9	68.2319
13.95	61.5971
14	67.1315
14.05	57.7697
14.1	63.7165
14.15	55.3457
14.2	39.8938
14.25	73.6499
14.3	47.1337
14.35	57.6718
14.4	55.9689
14.45	57.0435
14.5	69.2887
14.55	72.3451
14.6	64.3271
14.65	59.0682
14.7	81.3101
14.75	56.3449
14.8	76.6521
14.85	61.2538
14.9	70.36
14.95	72.4326
15	77.7177
15.05	79.4264
15.1	93.0448
15.15	68.6956
15.2	70.6432
15.25	70.7505
15.3	82.3405
15.35	92.1694
15.4	118.186
15.45	156.328
15.5	203.879
15.55	280.003
15.6	411.144
15.65	486.875
15.7	609.572
15.75	814.196
15.8	807.109
15.85	842.194
15.9	731.267
15.95	596.271
16	491.214
16.05	359.846
16.1	310.903
16.15	264.509
16.2	220.094
16.25	254.134
16.3	206.922
16.35	255.764
16.4	165.668
16.45	181.42
16.5	159.379
16.55	119.248
16.6	105.106
16.65	88.0773
16.7	105.551
16.75	107.102
16.8	98.0357
16.85	108.068
16.9	139.865
16.95	128.72
17	144.696
17.05	99.7328
17.1	130.943
17.15	122.198
17.2	95.8391
17.25	57.4062
17.3	89.0199
17.35	71.9695
17.4	76.0085
17.45	85.4206
17.5	81.0577
17.55	98.5225
17.6	119.364
17.65	112.909
17.7	109.068
17.75	111.113
17.8	106.698
17.85	115.898
17.9	84.4755
17.95	86.7092
18	88.815
18.05	80.63
18.1	74.129
18.15	69.4343
18.2	80.4437
18.25	59.6384
18.3	79.8156
18.35	69.3149
18.4	68.1253
18.45	106.77
18.5	63.0596
18.55	82.5335
18.6	74.5943
18.65	94.3831
18.7	69.1004
18.75	94.3594
18.8	101.823
18.85	82.0991
18.9	75.387
18.95	69.9333
19	91.8142
19.05	91.003
19.1	95.513
19.15	83.0075
19.2	112.574
19.25	101.505
19.3	97.6446
19.35	58.5111
19.4	93.1568
19.45	61.9748
19.5	64.979
19.55	59.8685
19.6	72.0441
19.65	45.5488
19.7	60.5361
19.75	67.2985
19.8	52.481
19.85	55.273
19.9	57.6255
19.95	67.2975
20	54.3751
20.05	68.7793
20.1	50.3755
20.15	70.5679
20.2	71.477
20.25	66.6282
20.3	67.2568
20.35	75.4442
20.4	70.0321
20.45	68.4734
20.5	79.2114
20.55	110.468
20.6	116.387
20.65	160.323
20.7	204.861
20.75	225.782
20.8	175.887
20.85	220.745
20.9	136.78
20.95	107.777
21	115.121
21.05	79.6256
21.1	74.8178
21.15	49.1138
21.2	58.0397
21.25	69.779
21.3	68.0341
21.35	57.9117
21.4	57.6917
21.45	85.3774
21.5	59.8677
21.55	59.1826
21.6	48.6894
21.65	56.2723
21.7	78.5099
21.75	70.4399
21.8	66.3186
21.85	43.6734
21.9	56.6405
21.95	65.6711
22	84.9719
22.05	90.0879
22.1	88.5773
22.15	69.2667
22.2	82.5525
22.25	96.8761
22.3	73.212
22.35	71.4344
22.4	64.0643
22.45	65.6843
22.5	46.2453
22.55	73.434
22.6	85.3057
22.65	102.746
22.7	101.921
22.75	138.804
22.8	200.435
22.85	325.675
22.9	427.097
22.95	485.998
23	522.151
23.05	493.15
23.1	435.034
23.15	338.753
23.2	251.327
23.25	191.605
23.3	151.109
23.35	93.389
23.4	85.6753
23.45	86.395
23.5	110.649
23.55	111.615
23.6	95.3158
23.65	114.609
23.7	129.772
23.75	139.963
23.8	129.193
23.85	138.713
23.9	144.772
23.95	147.969
24	187.449
24.05	264.331
24.1	261.079
24.15	241.786
24.2	189.818
24.25	177.864
24.3	113.994
24.35	118.745
24.4	62.7462
24.45	75.2928
24.5	63.829
24.55	62.2122
24.6	72.9045
24.65	66.5671
24.7	59.2283
24.75	58.7482
24.8	67.2417
24.85	73.3401
24.9	61.0825
24.95	67.1606
25	51.0985
25.05	66.2699
25.1	98.2188
25.15	81.6262
25.2	69.9517
25.25	90.0915
25.3	94.5257
25.35	71.4174
25.4	128.584
25.45	106.817
25.5	112.049
25.55	93.6692
25.6	94.372
25.65	107.997
25.7	90.6641
25.75	72.8779
25.8	80.8525
25.85	86.0286
25.9	111.155
25.95	106.569
26	79.0763
26.05	82.8929
26.1	68.4411
26.15	58.8358
26.2	56.2837
26.25	40.7887
26.3	48.5236
26.35	45.2337
26.4	50.6098
26.45	67.2251
26.5	72.6059
26.55	47.1452
26.6	59.2355
26.65	85.2536
26.7	50.9124
26.75	50.1139
26.8	57.0772
26.85	46.0038
26.9	57.8918
26.95	46.2268
27	46.007
27.05	42.3252
27.1	40.7494
27.15	65.7772
27.2	46.2944
27.25	63.7368
27.3	55.6185
27.35	53.0849
27.4	52.0039
27.45	46.206
27.5	58.0642
27.55	59.6467
27.6	41.3156
27.65	58.1773
27.7	70.8967
27.75	67.621
27.8	64.7134
27.85	63.6549
27.9	53.1728
27.95	61.6059
28	61.637
28.05	58.5905
28.1	77.2201
28.15	94.758
28.2	94.9023
28.25	87.7911
28.3	108.944
28.35	104.806
28.4	75.0763
28.45	79.4969
28.5	55.5623
28.55	58.538
28.6	42.7375
28.65	51.7017
28.7	48.7793
28.75	45.4216
28.8	38.797
28.85	65.0939
28.9	70.5587
28.95	69.5812
29	104.383
29.05	132.295
29.1	147.199
29.15	183.096
29.2	178.481
29.25	175.472
29.3	160.154
29.35	138.262
29.4	157.81
29.45	109.693
29.5	92.9816
29.55	99.5292
29.6	128.122
29.65	100.332
29.7	109.502
29.75	121.494
29.8	101.404
29.85	87.7599
29.9	77.9684
29.95	74.7014
30	75.6066
30.05	67.1378
30.1	50.9863
30.15	40.3198
30.2	50.7538
30.25	56.5593
30.3	48.0281
30.35	59.3008
30.4	74.4008
30.45	92.3535
30.5	78.6825
30.55	85.6799
30.6	138.547
30.65	84.002
30.7	92.3144
30.75	93.0595
30.8	71.7409
30.85	94.6338
30.9	75.892
30.95	88.1419
31	96.7061
31.05	116.609
31.1	70.5329
31.15	87.7816
31.2	73.9643
31.25	45.405
31.3	46.1917
31.35	50.005
31.4	46.3074
31.45	29.3046
31.5	48.9021
31.55	49.34
31.6	46.1609
31.65	43.2419
31.7	47.2214
31.75	45.0911
31.8	46.9742
31.85	47.6592
31.9	39.371
31.95	64.6163
32	76.0237
32.05	77.1406
32.1	51.545
32.15	53.552
32.2	51.9963
32.25	61.3273
32.3	41.4419
32.35	34.0087
32.4	43.7997
32.45	46.2963
32.5	58.1957
32.55	70.3953
32.6	66.1782
32.65	79.8041
32.7	121.482
32.75	132.663
32.8	121.482
32.85	128.856
32.9	87.4442
32.95	103.818
33	94.1147
33.05	104.708
33.1	70.3429
33.15	132.429
33.2	126.718
33.25	113.698
33.3	124.787
33.35	99.7551
33.4	106.792
33.45	100.467
33.5	84.5626
33.55	93.7235
33.6	94.552
33.65	110.942
33.7	86.381
33.75	78.765
33.8	68.5553
33.85	56.9309
33.9	82.495
33.95	58.9579
34	93.6545
34.05	47.9949
34.1	57.8716
34.15	49.1328
34.2	42.4093
34.25	58.0106
34.3	93.9496
34.35	98.9007
34.4	101.672
34.45	133.848
34.5	133.316
34.55	111.803
34.6	93.308
34.65	74.589
34.7	69.1874
34.75	55.0811
34.8	59.2069
34.85	69.2458
34.9	55.5936
34.95	51.6096
35	68.0414
35.05	52.0889
35.1	87.4429
35.15	82.737
35.2	51.221
35.25	54.8787
35.3	62.3553
35.35	51.3722
35.4	59.8646
35.45	50.2898
35.5	38.2469
35.55	55.9151
35.6	41.169
35.65	46.5484
35.7	43.4891
35.75	40.7153
35.8	51.8819
35.85	48.565
35.9	50.5095
35.95	55.0958
36	36.6301
36.05	37.8226
36.1	44.6535
36.15	44.7328
36.2	43.5792
36.25	40.9188
36.3	48.9073
36.35	48.1751
36.4	43.2202
36.45	50.1082
36.5	70.4576
36.55	64.3388
36.6	70.7153
36.65	61.0689
36.7	69.1262
36.75	100.398
36.8	111.65
36.85	122.327
36.9	113.695
36.95	119.799
37	152.046
37.05	130.443
37.1	96.0887
37.15	90.7464
37.2	57.5004
37.25	59.038
37.3	55.0446
37.35	57.6102
37.4	60.0757
37.45	53.5094
37.5	68.4078
37.55	43.234
37.6	55.7599
37.65	54.6794
37.7	56.2104
37.75	70.461
37.8	68.7064
37.85	99.6259
37.9	122.639
37.95	137.242
38	116.748
38.05	117.652
38.1	112.468
38.15	94.451
38.2	115.307
38.25	86.8675
38.3	75.1909
38.35	87.0337
38.4	76.5016
38.45	79.9172
38.5	73.0684
38.55	87.225
38.6	61.2203
38.65	66.2732
38.7	71.0691
38.75	45.5524
38.8	66.7907
38.85	68.958
38.9	78.8973
38.95	63.3797
39	74.8433
39.05	57.8254
39.1	55.8231
39.15	74.6968
39.2	67.1984
39.25	73.815
39.3	46.7115
39.35	59.0132
39.4	47.7266
39.45	47.3831
39.5	36.1971
39.55	31.0674
39.6	31.6395
39.65	62.7886
39.7	28.0315
39.75	34.9678
39.8	40.2118
39.85	53.2453
39.9	45.9847
39.95	46.0209
40	56.1624
40.05	43.837
40.1	38.4239
40.15	53.2032
40.2	38.4798
40.25	46.5613
40.3	66.2677
40.35	43.5622
40.4	51.7362
40.45	50.9212
40.5	43.1323
40.55	47.5111
40.6	41.9758
40.65	38.8436
40.7	57.8401
40.75	43.3103
40.8	43.0184
40.85	44.8818
40.9	43.064
40.95	49.1743
41	70.7211
41.05	39.9987
41.1	45.4274
41.15	48.5227
41.2	62.4846
41.25	46.6526
41.3	46.6495
41.35	47.9046
41.4	50.5772
41.45	41.7639
41.5	43.6727
41.55	38.0368
41.6	34.0747
41.65	54.2576
41.7	40.2709
41.75	42.313
41.8	37.8777
41.85	54.8229
41.9	63.199
41.95	71.1427
42	79.4919
42.05	93.7431
42.1	104.145
42.15	112.191
42.2	140.878
42.25	132.551
42.3	131.662
42.35	112.561
42.4	91.4737
42.45	71.8627
42.5	74.1571
42.55	68.3203
42.6	50.5041
42.65	47.4246
42.7	38.9001
42.75	38.0087
42.8	37.0599
42.85	42.0886
42.9	38.6944
42.95	49.592
43	29.7128
43.05	31.7652
43.1	48.4966
43.15	38.8063
43.2	36.0025
43.25	29.5475
43.3	37.9442
43.35	40.4875
43.4	42.3644
43.45	31.673
43.5	42.1085
43.55	39.284
43.6	48.7664
43.65	40.6049
43.7	53.5981
43.75	40.6979
43.8	36.2711
43.85	31.5477
43.9	39.4824
43.95	36.9417
44	32.6777
44.05	47.1357
44.1	44.0009
44.15	33.5449
44.2	34.6199
44.25	48.7896
44.3	49.2416
44.35	68.3608
44.4	60.9746
44.45	74.3759
44.5	64.0011
44.55	62.6991
44.6	54.9598
44.65	47.5052
44.7	58.1524
44.75	58.2373
44.8	45.6809
44.85	25.2212
44.9	42.5516
44.95	34.4033
45	62.5841
45.05	47.3853
45.1	41.456
45.15	63.2511
45.2	63.2784
45.25	60.1374
45.3	44.3784
45.35	71.3446
45.4	42.8646
45.45	53.9935
45.5	64.6415
45.55	66.3384
45.6	47.3894
45.65	43.5975
45.7	34.8117
45.75	36.7106
45.8	39.9021
45.85	36.7659
45.9	41.5896
45.95	38.1043
46	28.6046
46.05	40.3504
46.1	39.811
46.15	40.1153
46.2	46.6202
46.25	51.046
46.3	45.9707
46.35	33.0261
46.4	38.3952
46.45	51.6343
46.5	38.4115
46.55	35.8578
46.6	47.8382
46.65	39.2316
46.7	38.2596
46.75	38.1665
46.8	47.1591
46.85	48.7923
46.9	45.1283
46.95	47.2885
47	30.6981
47.05	36.341
47.1	52.5041
47.15	57.7921
47.2	60.1612
47.25	36.6949
47.3	38.3118
47.35	38.9493
47.4	42.2344
47.45	61.3203
47.5	30.4642
47.55	52.5443
47.6	48.199
47.65	68.0007
47.7	57.0794
47.75	41.8722
47.8	45.4672
47.85	67.7692
47.9	47.1491
47.95	59.2959
48	53.3219
48.05	58.6596
48.1	39.8745
48.15	55.1262
48.2	70.8531
48.25	64.263
48.3	64.4786
48.35	76.4177
48.4	84.6288
48.45	72.6792
48.5	84.8068
48.55	45.2495
48.6	76.7973
48.65	45.8107
48.7	56.8103
48.75	58.3886
48.8	36.0255
48.85	56.1215
48.9	45.8477
48.95	45.6633
49	38.3221
49.05	37.0206
49.1	29.2577
49.15	38.4025
49.2	45.1988
49.25	53.2821
49.3	50.7423
49.35	48.5109
49.4	50.9824
49.45	63.7015
49.5	69.8369
49.55	69.236
49.6	50.7588
49.65	45.1883
49.7	55.0169
49.75	46.0708
49.8	30.8218
49.85	43.1421
49.9	58.8064
49.95	56.3997
50	40.0791
50.05	32.3289
50.1	40.4039
50.15	24.1948
50.2	32.8908
50.25	37.3121
50.3	45.8117
50.35	43.2219
50.4	36.0594
50.45	41.0113
50.5	41.0794
50.55	43.0945
50.6	33.1805
50.65	13.1771
50.7	26.3948
50.75	45.3967
50.8	43.6586
50.85	38.3792
50.9	45.6812
50.95	34.0218
51	21.1492
51.05	32.9674
51.1	23.2547
51.15	34.6951
51.2	36.3461
51.25	37.806
51.3	43.3798
51.35	34.8145
51.4	35.3955
51.45	36.8059
51.5	21.9866
51.55	28.2824
51.6	22.8613
51.65	24.6749
51.7	37.9333
51.75	39.5699
51.8	45.8894
51.85	48.2825
51.9	50.3438
51.95	33.3918
52	43.4082
52.05	47.7174
52.1	38.4575
52.15	20.0724
52.2	46.8733
52.25	32.5821
52.3	28.3565
52.35	39.4968
52.4	28.2212
52.45	33.2036
52.5	28.477
52.55	22.0403
52.6	37.1869
52.65	37.5377
52.7	29.8739
52.75	44.8152
52.8	34.6382
52.85	29.5433
52.9	28.3288
52.95	36.6989
53	44.3825
53.05	45.2889
53.1	23.9564
53.15	37.631
53.2	34.3545
53.25	31.2989
53.3	33.1421
53.35	34.1277
53.4	30.5249
53.45	30.1336
53.5	28.8035
53.55	17.1646
53.6	22.1697
53.65	32.7167
53.7	20.3722
53.75	30.94
53.8	29.7399
53.85	38.0257
53.9	30.5776
53.95	30.9783
54	22.2156
54.05	42.804
54.1	27.7862
54.15	26.1837
54.2	27.9781
54.25	24.8702
54.3	45.6304
54.35	37.3489
54.4	52.1361
54.45	42.8961
54.5	38.2973
54.55	33.0919
54.6	32.782
54.65	36.4319
54.7	35.6934
54.75	24.0056
54.8	12.1215
54.85	32.9069
54.9	27.943
54.95	29.5019
55	34.7298
