#InstrumentID: Terra 440
#DatasetName: 26DNT
#SampleInfo: 
#AcquisitionDate: 09/24/17 20:34:07
#IntegrationTime: 560 seconds
#Exposure 56 of 80
#Mode: *defaults*
#CameraParams: cameraSetpoint = -45
#PiezoParams: highPiezoFreq = 1600 lowPiezoFreq = 1550 piezoVolume = 95
#GeometryParams: axisX = 1117.49 axisY = 129 axisZ = 1219.85 sensorAngle1 = 29.6649 sensorAngle3 = 0
#EnergyParams: splitThreshold = 4 CuKaPeak = 598 kBFilterIn = 1
5	77.8367
5.05	52.4264
5.1	49.889
5.15	75.6148
5.2	91.898
5.25	43.8132
5.3	87.4855
5.35	67.5817
5.4	81.0322
5.45	64.1626
5.5	67.941
5.55	55.5689
5.6	78.0681
5.65	83.4604
5.7	39.9929
5.75	64.4713
5.8	65.5175
5.85	69.4666
5.9	63.0957
5.95	97.446
6	68.1031
6.05	55.3619
6.1	58.3477
6.15	73.8965
6.2	49.0115
6.25	57.6605
6.3	74.1273
6.35	64.8672
6.4	68.597
6.45	59.4093
6.5	54.1895
6.55	80.1401
6.6	64.9747
6.65	82.6723
6.7	58.7937
6.75	55.2046
6.8	63.0191
6.85	58.0148
6.9	58.8992
6.95	50.6373
7	78.5419
7.05	75.8625
7.1	72.2219
7.15	75.3471
7.2	57.0119
7.25	71.3519
7.3	75.2556
7.35	55.4235
7.4	67.3421
7.45	69.3519
7.5	68.0411
7.55	74.0887
7.6	58.9536
7.65	78.1986
7.7	46.9571
7.75	45.4551
7.8	74.3491
7.85	60.6733
7.9	65.5967
7.95	70.0383
8	77.6832
8.05	74.5996
8.1	63.4506
8.15	80.0188
8.2	58.1921
8.25	65.8572
8.3	90.9652
8.35	72.2641
8.4	60.4313
8.45	94.6253
8.5	71.2043
8.55	68.5113
8.6	66.5718
8.65	81.8224
8.7	79.2607
8.75	71.3803
8.8	69.8297
8.85	46.8638
8.9	49.9152
8.95	59.5362
9	74.6773
9.05	49.455
9.1	76.0645
9.15	35.7744
9.2	75.6131
9.25	58.6007
9.3	93.6054
9.35	67.0279
9.4	64.4991
9.45	64.633
9.5	78.8831
9.55	47.7155
9.6	66.4871
9.65	72.0443
9.7	68.6194
9.75	64.3549
9.8	55.9937
9.85	61.9688
9.9	52.5024
9.95	57.4339
10	64.7094
10.05	54.3916
10.1	53.9742
10.15	48.4425
10.2	64.2771
10.25	79.6113
10.3	62.0504
10.35	81.2435
10.4	44.7286
10.45	47.9316
10.5	66.3815
10.55	68.2204
10.6	63.8814
10.65	68.0144
10.7	92.8041
10.75	64.2828
10.8	76.8643
10.85	56.9654
10.9	58.1358
10.95	69.6734
11	57.731
11.05	63.0455
11.1	83.1415
11.15	61.9354
11.2	67.7018
11.25	58.2163
11.3	36.3894
11.35	49.5314
11.4	58.669
11.45	68.353
11.5	71.8366
11.55	65.6586
11.6	68.2715
11.65	57.0386
11.7	64.3183
11.75	59.0845
11.8	74.378
11.85	48.119
11.9	81.8198
11.95	48.5595
12	50.5412
12.05	85.0645
12.1	46.6414
12.15	53.011
12.2	70.4409
12.25	57.7708
12.3	55.2849
12.35	76.9056
12.4	59.8213
12.45	78.4682
12.5	106.869
12.55	134.426
12.6	162.837
12.65	161.281
12.7	259.165
12.75	312.056
12.8	433.235
12.85	590.334
12.9	771.169
12.95	1024.52
13	995.437
13.05	999.278
13.1	925.929
13.15	732.979
13.2	509.221
13.25	348.098
13.3	255.699
13.35	181.236
13.4	150.041
13.45	96.8227
13.5	81.8012
13.55	86.3846
13.6	74.5195
13.65	65.0791
13.7	81.4723
13.75	64.4115
13.8	71.7982
13.85	79.9684
13.9	42.3692
13.95	66.0163
14	67.5721
14.05	71.389
14.1	51.0119
14.15	51.2682
14.2	67.8414
14.25	50.3228
14.3	69.4663
14.35	71.6097
14.4	68.8215
14.45	68.2515
14.5	72.4563
14.55	109.898
14.6	72.6754
14.65	60.4874
14.7	54.8715
14.75	34.7845
14.8	74.4331
14.85	72.1988
14.9	69.9453
14.95	61.7116
15	44.9034
15.05	62.3572
15.1	61.1123
15.15	56.7031
15.2	72.3874
15.25	59.2464
15.3	54.3848
15.35	99.2508
15.4	69.9901
15.45	77.218
15.5	71.0236
15.55	80.7941
15.6	67.6934
15.65	57.42
15.7	116.861
15.75	83.4908
15.8	90.1112
15.85	113.484
15.9	116.226
15.95	92.7589
16	104.743
16.05	74.8939
16.1	111.414
16.15	91.1232
16.2	108.361
16.25	92.4168
16.3	111.809
16.35	122.496
16.4	126.25
16.45	116.603
16.5	123.71
16.55	112.311
16.6	97.0301
16.65	92.6838
16.7	127.057
16.75	100.713
16.8	91.782
16.85	111.927
16.9	101.218
16.95	125.664
17	125.281
17.05	169.963
17.1	221.355
17.15	256.249
17.2	269.676
17.25	250.024
17.3	265.069
17.35	173.126
17.4	180.411
17.45	157.942
17.5	172.798
17.55	160.6
17.6	279.428
17.65	388.01
17.7	417.272
17.75	406.964
17.8	396.138
17.85	339.28
17.9	339.899
17.95	132.721
18	129.28
18.05	123.753
18.1	119.359
18.15	97.1044
18.2	82.5472
18.25	109.339
18.3	65.8067
18.35	79.2067
18.4	62.645
18.45	71.8646
18.5	56.3136
18.55	65.7022
18.6	98.0366
18.65	74.0074
18.7	61.411
18.75	66.287
18.8	58.7097
18.85	60.7872
18.9	53.8314
18.95	73.7418
19	50.2817
19.05	95.4523
19.1	51.9773
19.15	70.3636
19.2	45.166
19.25	74.8888
19.3	53.175
19.35	66.3569
19.4	45.7156
19.45	71.2837
19.5	66.2992
19.55	76.7552
19.6	63.4908
19.65	71.8682
19.7	50.9144
19.75	66.233
19.8	66.147
19.85	59.7988
19.9	71.5048
19.95	52.4026
20	65.0214
20.05	71.9927
20.1	63.2603
20.15	66.44
20.2	57.4183
20.25	73.0697
20.3	64.7963
20.35	60.428
20.4	41.3162
20.45	43.4517
20.5	67.2964
20.55	61.3263
20.6	46.0407
20.65	71.2756
20.7	64.8186
20.75	107.533
20.8	67.1392
20.85	83.2023
20.9	81.6282
20.95	110.028
21	131.996
21.05	150.113
21.1	126.403
21.15	121.297
21.2	71.8565
21.25	68.7623
21.3	79.8634
21.35	55.2243
21.4	53.5345
21.45	68.5403
21.5	81.074
21.55	82.3892
21.6	67.1736
21.65	63.6081
21.7	61.4003
21.75	67.7253
21.8	70.9461
21.85	66.6103
21.9	67.7015
21.95	57.6029
22	57.6055
22.05	68.8022
22.1	79.4234
22.15	50.7157
22.2	70.7805
22.25	36.7707
22.3	71.8959
22.35	79.76
22.4	91.5658
22.45	73.6846
22.5	121.194
22.55	109.143
22.6	130.453
22.65	86.2292
22.7	136.913
22.75	161.567
22.8	151.663
22.85	211.309
22.9	229.571
22.95	234.45
23	217.166
23.05	151.164
23.1	125.822
23.15	118.5
23.2	99.304
23.25	64.957
23.3	73.2932
23.35	68.7653
23.4	85.8715
23.45	74.3875
23.5	67.1186
23.55	91.4701
23.6	88.0165
23.65	65.9502
23.7	67.4208
23.75	63.7144
23.8	70.297
23.85	67.479
23.9	104.483
23.95	110.126
24	147.398
24.05	231.19
24.1	290.191
24.15	320.121
24.2	374.824
24.25	370.313
24.3	332.206
24.35	311.31
24.4	190.021
24.45	148.617
24.5	122.347
24.55	93.0849
24.6	99.8863
24.65	133.53
24.7	78.1445
24.75	154.564
24.8	178.89
24.85	310.587
24.9	380.427
24.95	553.603
25	824.058
25.05	948.424
25.1	920.473
25.15	890.976
25.2	717.084
25.25	538.649
25.3	362.248
25.35	266.537
25.4	222.79
25.45	183.104
25.5	297.251
25.55	301.62
25.6	331.774
25.65	364.106
25.7	390.487
25.75	284
25.8	186.218
25.85	151.247
25.9	123.188
25.95	106.709
26	121.773
26.05	118.671
26.1	121.696
26.15	139.29
26.2	135.712
26.25	157.325
26.3	191.269
26.35	176.609
26.4	243.249
26.45	247.796
26.5	326.114
26.55	447.148
26.6	520.924
26.65	616.801
26.7	576.131
26.75	579.217
26.8	507.42
26.85	443.965
26.9	312.887
26.95	251.503
27	161.92
27.05	114.51
27.1	99.9406
27.15	74.286
27.2	68.1803
27.25	65.0979
27.3	96.7617
27.35	112.522
27.4	170.451
27.45	189.539
27.5	220.572
27.55	246.43
27.6	224.595
27.65	212.851
27.7	175.097
27.75	118.006
27.8	96.5701
27.85	95.156
27.9	44.2836
27.95	62.2339
28	63.7714
28.05	36.5299
28.1	69.2076
28.15	63.3564
28.2	49.7322
28.25	64.9877
28.3	114.646
28.35	97.059
28.4	158.631
28.45	130.637
28.5	160.692
28.55	126.538
28.6	102.574
28.65	84.4001
28.7	78.4445
28.75	92.9876
28.8	126.336
28.85	114.608
28.9	149.982
28.95	128.114
29	127.486
29.05	97.7888
29.1	55.3525
29.15	74.8209
29.2	62.722
29.25	42.8402
29.3	54.5417
29.35	56.406
29.4	46.7402
29.45	35.7555
29.5	38.5522
29.55	45.0647
29.6	52.6057
29.65	52.6907
29.7	47.2206
29.75	55.6755
29.8	86.4453
29.85	73.1276
29.9	64.3531
29.95	58.8502
30	51.7898
30.05	47.9929
30.1	55.7096
30.15	55.5964
30.2	61.5702
30.25	32.2864
30.3	51.441
30.35	44.3962
30.4	55.3351
30.45	30.2639
30.5	41.0656
30.55	56.9705
30.6	44.0243
30.65	38.5531
30.7	45.3579
30.75	47.9799
30.8	61.0201
30.85	67.6603
30.9	49.7049
30.95	71.9132
31	70.1346
31.05	82.1565
31.1	55.7482
31.15	25.5831
31.2	46.1919
31.25	52.3106
31.3	44.0622
31.35	38.8748
31.4	51.3049
31.45	33.0052
31.5	34.9302
31.55	41.7982
31.6	32.9229
31.65	38.3982
31.7	37.9681
31.75	42.9763
31.8	32.4741
31.85	51.1619
31.9	47.6148
31.95	32.2276
32	23.3829
32.05	46.2442
32.1	47.7563
32.15	63.4821
32.2	43.7206
32.25	60.6663
32.3	61.3886
32.35	76.0937
32.4	120.925
32.45	115.178
32.5	119.383
32.55	100.633
32.6	71.0164
32.65	68.9294
32.7	60.6689
32.75	30.1021
32.8	71.6133
32.85	42.7356
32.9	55.9457
32.95	65.1352
33	59.1579
33.05	36.3169
33.1	64.1396
33.15	69.5205
33.2	98.7401
33.25	109.027
33.3	121.62
33.35	103.108
33.4	109.473
33.45	99.9943
33.5	62.5302
33.55	64.7977
33.6	67.5646
33.65	69.2208
33.7	50.1863
33.75	27.6791
33.8	65.2819
33.85	87.7618
33.9	109.324
33.95	166.315
34	157.75
34.05	240.038
34.1	245.873
34.15	210.45
34.2	166.585
34.25	128.796
34.3	77.9345
34.35	59.2571
34.4	54.5321
34.45	41.2985
34.5	62.8722
34.55	63.874
34.6	78.5966
34.65	95.9812
34.7	98.8562
34.75	126.77
34.8	127.769
34.85	126.854
34.9	180.815
34.95	173.64
35	165.618
35.05	133.494
35.1	109.252
35.15	46.4173
35.2	77.5531
35.25	72.0916
35.3	39.1764
35.35	58.1743
35.4	42.761
35.45	56.5542
35.5	32.7859
35.55	47.4792
35.6	54.3493
35.65	55.3969
35.7	74.9709
35.75	69.2703
35.8	93.6548
35.85	96.1884
35.9	69.8403
35.95	116.874
36	85.0189
36.05	80.007
36.1	83.0739
36.15	77.0437
36.2	40.8009
36.25	49.8545
36.3	74.3089
36.35	58.0072
36.4	79.3712
36.45	73.7686
36.5	74.4256
36.55	87.5639
36.6	69.6053
36.65	87.2855
36.7	110.349
36.75	121.668
36.8	172.551
36.85	202.709
36.9	239.139
36.95	239.695
37	234.83
37.05	173.543
37.1	141.579
37.15	140.631
37.2	114.6
37.25	71.0867
37.3	48.0624
37.35	49.7796
37.4	40.6275
37.45	52.4368
37.5	28.9229
37.55	33.2339
37.6	40.8851
37.65	34.706
37.7	65.076
37.75	37.1731
37.8	36.2644
37.85	39.3999
37.9	30.326
37.95	37.853
38	36.3553
38.05	44.2717
38.1	37.9015
38.15	27.8413
38.2	32.914
38.25	33.2394
38.3	31.2456
38.35	37.0377
38.4	38.7159
38.45	42.5228
38.5	43.08
38.55	54.5674
38.6	61.179
38.65	81.6884
38.7	79.476
38.75	104.158
38.8	128.091
38.85	188.256
38.9	128.091
38.95	168.07
39	127.001
39.05	143.591
39.1	112.766
39.15	74.0229
39.2	60.2287
39.25	65.9102
39.3	66.7432
39.35	86.574
39.4	75.0658
39.45	124.183
39.5	143.883
39.55	115.631
39.6	79.5954
39.65	96.1986
39.7	91.1523
39.75	54.2639
39.8	57.4359
39.85	41.2697
39.9	54.8214
39.95	28.5441
40	46.823
40.05	62.6626
40.1	63.7209
40.15	53.4986
40.2	48.3411
40.25	44.3455
40.3	44.0069
40.35	59.8381
40.4	47.0051
40.45	44.0343
40.5	38.7261
40.55	33.9265
40.6	43.7164
40.65	51.0224
40.7	65.2966
40.75	22.1129
40.8	37.2869
40.85	66.3989
40.9	46.0585
40.95	39.5787
41	28.5369
41.05	61.5566
41.1	42.4749
41.15	39.0669
41.2	22.3042
41.25	48.8246
41.3	37.7828
41.35	35.2541
41.4	50.3902
41.45	50.8205
41.5	51.2398
41.55	81.5879
41.6	112.846
41.65	86.2634
41.7	88.5853
41.75	105.046
41.8	94.5773
41.85	73.8099
41.9	90.3313
41.95	76.7513
42	53.3041
42.05	61.2919
42.1	50.3522
42.15	62.4385
42.2	37.554
42.25	42.2902
42.3	30.9722
42.35	37.9339
42.4	30.9653
42.45	37.0464
42.5	40.4995
42.55	31.0305
42.6	48.1069
42.65	49.6551
42.7	24.4541
42.75	52.0102
42.8	48.5693
42.85	42.2416
42.9	48.7046
42.95	48.6735
43	53.5428
43.05	54.4328
43.1	62.5977
43.15	33.251
43.2	38.04
43.25	51.0788
43.3	40.6584
43.35	57.7939
43.4	40.3888
43.45	56.5447
43.5	64.5395
43.55	42.6103
43.6	33.6861
43.65	53.5385
43.7	33.7588
43.75	29.0292
43.8	33.8289
43.85	47.4
43.9	38.3471
43.95	34.4217
44	28.9152
44.05	29.1436
44.1	40.4239
44.15	41.0854
44.2	24.783
44.25	40.4477
44.3	27.2374
44.35	18.153
44.4	29.7903
44.45	37.0099
44.5	27.451
44.55	42.5452
44.6	24.6005
44.65	45.1989
44.7	31.4964
44.75	22.4854
44.8	42.7267
44.85	35.9953
44.9	31.5562
44.95	24.5382
45	26.8247
45.05	31.536
45.1	36.4282
45.15	49.6899
45.2	29.3641
45.25	36.1585
45.3	38.499
45.35	24.9267
45.4	33.9942
45.45	31.7928
45.5	72.1924
45.55	45.1045
45.6	38.3898
45.65	35.5837
45.7	38.5114
45.75	15.9494
45.8	45.6105
45.85	29.6611
45.9	66.2518
45.95	33.999
46	56.7269
46.05	35.5198
46.1	40.903
46.15	34.3563
46.2	25.2878
46.25	25.0533
46.3	33.8962
46.35	53.9376
46.4	31.9852
46.45	27.69
46.5	34.2997
46.55	33.4302
46.6	30.8455
46.65	40.3147
46.7	61.4797
46.75	47.6929
46.8	35.9465
46.85	51.6611
46.9	36.8534
46.95	38.2936
47	53.0611
47.05	58.6292
47.1	61.452
47.15	41.3229
47.2	42.9281
47.25	41.0415
47.3	31.9822
47.35	46.4289
47.4	42.4553
47.45	46.1374
47.5	52.5947
47.55	38.6527
47.6	41.2672
47.65	48.6519
47.7	38.4941
47.75	57.3832
47.8	53.366
47.85	65.3309
47.9	65.0991
47.95	80.108
48	76.2341
48.05	81.4985
48.1	102.615
48.15	83.3341
48.2	91.9318
48.25	87.0716
48.3	92.064
48.35	74.3453
48.4	83.7223
48.45	76.2583
48.5	65.1948
48.55	60.1675
48.6	49.014
48.65	37.305
48.7	32.4888
48.75	41.7577
48.8	22.3798
48.85	32.1016
48.9	29.3705
48.95	46.6311
49	25.0548
49.05	41.4072
49.1	25.5172
49.15	27.478
49.2	32.2807
49.25	23.0749
49.3	25.7196
49.35	20.8362
49.4	44.7142
49.45	18.649
49.5	39.4934
49.55	40.0548
49.6	23.4074
49.65	43.8625
49.7	35.7596
49.75	49.3255
49.8	37.019
49.85	49.7665
49.9	66.392
49.95	64.8929
50	66.3069
50.05	78.4188
50.1	48.5186
50.15	80.6817
50.2	47.0605
50.25	39.4006
50.3	44.4022
50.35	47.5092
50.4	42.1923
50.45	49.297
50.5	35.2182
50.55	44.9623
50.6	33.1986
50.65	40.0211
50.7	30.6183
50.75	43.9857
50.8	28.9539
50.85	18.2535
50.9	27.9863
50.95	39.3555
51	44.0213
51.05	40.0557
51.1	57.0182
51.15	51.9162
51.2	49.658
51.25	46.9817
51.3	85.8786
51.35	78.197
51.4	89.1169
51.45	76.5078
51.5	98.6514
51.55	98.7219
51.6	62.9197
51.65	75.2018
51.7	70.5501
51.75	47.1805
51.8	35.0907
51.85	26.1444
51.9	35.9827
51.95	35.7793
52	26.2269
52.05	43.782
52.1	43.0172
52.15	48.5449
52.2	69.2825
52.25	51.2394
52.3	49.9928
52.35	44.6512
52.4	42.66
52.45	45.1236
52.5	21.5392
52.55	41.17
52.6	48.3664
52.65	19.4696
52.7	58.4089
52.75	43.416
52.8	58.8869
52.85	67.9022
52.9	69.0114
52.95	73.8407
53	65.8292
53.05	52.6698
53.1	46.3968
53.15	39.1512
53.2	49.0271
53.25	37.9977
53.3	44.994
53.35	48.6998
53.4	50.9183
53.45	57.4403
53.5	31.4291
53.55	36.7685
53.6	48.7159
53.65	41.7579
53.7	31.2807
53.75	25.595
53.8	25.9477
53.85	42.5609
53.9	38.8696
53.95	34.3219
54	21.9439
54.05	14.6765
54.1	29.7773
54.15	33.0809
54.2	30.5438
54.25	37.8593
54.3	24.1606
54.35	29.1174
54.4	49.6233
54.45	51.4336
54.5	57.2659
54.55	29.2644
54.6	44.4612
54.65	44.9179
54.7	29.1454
54.75	39.2047
54.8	51.859
54.85	32.1525
54.9	52.3512
54.95	55.3615
55	37.8321
