#InstrumentID: Terra 440
#DatasetName: 235TNT
#SampleInfo: 
#AcquisitionDate: 01/05/17 14:21:05
#IntegrationTime: 800 seconds
#Exposure 80 of 80
#Mode: *defaults*
#CameraParams: cameraSetpoint = -45
#PiezoParams: highPiezoFreq = 1600 lowPiezoFreq = 1550 piezoVolume = 100
#GeometryParams: axisX = 1117.49 axisY = 129 axisZ = 1219.85 sensorAngle1 = 29.6649 sensorAngle3 = 0
#EnergyParams: splitThreshold = 4 CuKaPeak = 603 kBFilterIn = 1
5	45.1278
5.05	39.9687
5.1	40.6716
5.15	52.9267
5.2	36.0047
5.25	42.0219
5.3	48.4484
5.35	50.0897
5.4	44.357
5.45	57.0899
5.5	42.8179
5.55	50.8796
5.6	29.5654
5.65	29.2
5.7	40.9059
5.75	58.0287
5.8	45.9644
5.85	40.5019
5.9	50.3506
5.95	46.2002
6	41.6484
6.05	61.0264
6.1	51.4643
6.15	57.4515
6.2	48.8281
6.25	32.9971
6.3	35.7698
6.35	34.4822
6.4	54.9517
6.45	41.4691
6.5	46.2197
6.55	35.7651
6.6	27.5834
6.65	37.9685
6.7	44.2432
6.75	33.8084
6.8	45.6604
6.85	40.5742
6.9	39.7902
6.95	44.3118
7	40.0895
7.05	45.7307
7.1	21.6599
7.15	37.0305
7.2	37.1435
7.25	40.2126
7.3	44.3776
7.35	40.1719
7.4	44.2995
7.45	41.7984
7.5	40.4094
7.55	42.0577
7.6	52.6583
7.65	30.8828
7.7	41.4524
7.75	38.7406
7.8	42.8505
7.85	50.4456
7.9	56.2894
7.95	37.8147
8	48.6409
8.05	45.1758
8.1	41.4681
8.15	41.9907
8.2	36.2206
8.25	37.7358
8.3	45.9039
8.35	30.3597
8.4	48.1186
8.45	41.2005
8.5	41.0565
8.55	34.4809
8.6	43.7639
8.65	40.6768
8.7	48.5149
8.75	48.452
8.8	44.6062
8.85	46.2366
8.9	34.9241
8.95	41.688
9	36.3018
9.05	46.6945
9.1	41.4278
9.15	28.0055
9.2	37.8087
9.25	38.129
9.3	38.7502
9.35	62.1272
9.4	45.1704
9.45	43.7287
9.5	60.8695
9.55	31.9648
9.6	49.6308
9.65	44.6833
9.7	53.9375
9.75	45.076
9.8	46.7053
9.85	55.3393
9.9	41.1425
9.95	38.6694
10	42.3566
10.05	32.1991
10.1	48.2894
10.15	27.7594
10.2	56.5595
10.25	54.2043
10.3	51.405
10.35	45.1318
10.4	35.7656
10.45	65.4313
10.5	37.1596
10.55	41.9793
10.6	44.6974
10.65	50.7906
10.7	49.0826
10.75	59.5337
10.8	52.1751
10.85	32.2445
10.9	37.6597
10.95	35.4763
11	52.8013
11.05	51.4387
11.1	26.7624
11.15	43.3221
11.2	41.4525
11.25	48.272
11.3	39.7942
11.35	33.2098
11.4	45.4835
11.45	36.9723
11.5	42.3979
11.55	54.9593
11.6	38.8297
11.65	55.2967
11.7	38.794
11.75	41.4277
11.8	35.7046
11.85	50.5143
11.9	49.8152
11.95	64.8843
12	46.182
12.05	53.385
12.1	44.422
12.15	46.3904
12.2	56.9609
12.25	43.6106
12.3	41.6817
12.35	43.4277
12.4	27.9606
12.45	42.3823
12.5	43.2135
12.55	35.3853
12.6	55.3222
12.65	36.5123
12.7	33.5099
12.75	55.5939
12.8	48.2274
12.85	42.2347
12.9	47.4911
12.95	41.8947
13	36.7243
13.05	40.9883
13.1	43.5784
13.15	39.5698
13.2	45.4581
13.25	36.3498
13.3	41.292
13.35	37.6911
13.4	40.0363
13.45	56.8538
13.5	45.1674
13.55	56.0517
13.6	96.8317
13.65	80.1974
13.7	103.426
13.75	126.371
13.8	192.65
13.85	166.09
13.9	200.03
13.95	199.931
14	184.558
14.05	170.066
14.1	173.957
14.15	142.107
14.2	124.56
14.25	79.7879
14.3	76.0993
14.35	59.2932
14.4	45.0839
14.45	55.5178
14.5	36.9201
14.55	53.8753
14.6	40.427
14.65	54.4531
14.7	35.3162
14.75	47.1925
14.8	41.3395
14.85	35.1745
14.9	47.3923
14.95	43.1513
15	61.2609
15.05	40.4433
15.1	42.6834
15.15	33.5719
15.2	42.9954
15.25	43.002
15.3	56.3017
15.35	46.8227
15.4	47.4848
15.45	58.5821
15.5	43.7098
15.55	58.1546
15.6	59.6422
15.65	55.6905
15.7	63.627
15.75	47.6418
15.8	58.3527
15.85	58.4787
15.9	56.7646
15.95	55.7037
16	74.9466
16.05	98.9137
16.1	110.351
16.15	135.367
16.2	176.134
16.25	221.839
16.3	292.555
16.35	384.178
16.4	393.041
16.45	439.659
16.5	476.35
16.55	421.067
16.6	390.889
16.65	287.278
16.7	245.868
16.75	173.199
16.8	118.014
16.85	64.314
16.9	81.3794
16.95	63.6457
17	66.137
17.05	56.2209
17.1	46.7538
17.15	69.5542
17.2	53.276
17.25	42.309
17.3	63.4512
17.35	53.6602
17.4	68.3364
17.45	66.8573
17.5	59.646
17.55	68.267
17.6	102.785
17.65	67.0225
17.7	49.1665
17.75	79.5946
17.8	59.4067
17.85	48.666
17.9	73.7354
17.95	62.4719
18	55.2103
18.05	51.6414
18.1	71.0142
18.15	49.4346
18.2	89.5736
18.25	97.7622
18.3	125.807
18.35	144.643
18.4	102.98
18.45	111.356
18.5	159.143
18.55	125.413
18.6	137.185
18.65	127.955
18.7	127.462
18.75	133.243
18.8	133.731
18.85	135.185
18.9	106.971
18.95	100.207
19	87.2375
19.05	74.2943
19.1	36.3826
19.15	53.975
19.2	54.0736
19.25	40.0921
19.3	34.1066
19.35	29.9937
19.4	44.1944
19.45	58.8897
19.5	27.8488
19.55	49.041
19.6	47.5951
19.65	33.0721
19.7	41.8993
19.75	56.8217
19.8	49.4551
19.85	74.7341
19.9	81.8915
19.95	87.1429
20	68.975
20.05	99.2642
20.1	70.2131
20.15	100.615
20.2	98.3764
20.25	113.217
20.3	148.378
20.35	179.769
20.4	243.33
20.45	203.708
20.5	209.896
20.55	161.09
20.6	174.867
20.65	118.459
20.7	92.3879
20.75	90.4693
20.8	50.1238
20.85	43.3542
20.9	64.7704
20.95	53.9232
21	59.0467
21.05	52.5718
21.1	62.604
21.15	53.5951
21.2	54.8643
21.25	57.3807
21.3	72.6196
21.35	89.2423
21.4	98.301
21.45	109.25
21.5	96.6294
21.55	102.894
21.6	89.2497
21.65	84.455
21.7	63.7328
21.75	62.8105
21.8	46.7433
21.85	43.6707
21.9	44.4198
21.95	44.7275
22	41.7112
22.05	43.539
22.1	52.5695
22.15	46.2246
22.2	45.0315
22.25	36.2985
22.3	48.7795
22.35	63.5759
22.4	59.5847
22.45	81.3119
22.5	88.0538
22.55	80.9511
22.6	94.3677
22.65	125.21
22.7	137.546
22.75	108.584
22.8	128.584
22.85	119.649
22.9	76.6329
22.95	78.3137
23	75.3269
23.05	42.0032
23.1	66.4255
23.15	75.6079
23.2	94.1997
23.25	155.489
23.3	247.777
23.35	320.085
23.4	364.984
23.45	460.115
23.5	549.154
23.55	614.859
23.6	479.928
23.65	422.466
23.7	433.827
23.75	344.338
23.8	252.194
23.85	196.545
23.9	173.719
23.95	129.904
24	125.035
24.05	119.622
24.1	103.994
24.15	77.2815
24.2	90.6101
24.25	75.1434
24.3	82.1332
24.35	87.5343
24.4	95.5677
24.45	120.422
24.5	121.538
24.55	130.258
24.6	135.019
24.65	85.551
24.7	74.4178
24.75	54.0114
24.8	54.7024
24.85	66.1096
24.9	41.298
24.95	40.1984
25	54.0869
25.05	55.531
25.1	61.5719
25.15	46.2183
25.2	34.2329
25.25	52.5215
25.3	53.4079
25.35	66.8355
25.4	48.4506
25.45	86.9549
25.5	137.761
25.55	162.264
25.6	203.747
25.65	248.641
25.7	271.75
25.75	271.453
25.8	214.089
25.85	190.217
25.9	164.903
25.95	135.621
26	82.3371
26.05	49.8243
26.1	47.1157
26.15	64.9712
26.2	57.9101
26.25	57.3407
26.3	61.7911
26.35	66.3425
26.4	85.8905
26.45	109.169
26.5	84.4697
26.55	103.283
26.6	83.5891
26.65	101.423
26.7	75.6598
26.75	66.8296
26.8	63.3746
26.85	59.7499
26.9	45.438
26.95	41.8383
27	45.9474
27.05	28.7327
27.1	36.4451
27.15	47.4052
27.2	47.6963
27.25	42.468
27.3	27.0986
27.35	37.8594
27.4	45.8106
27.45	34.2756
27.5	38.2199
27.55	54.9156
27.6	41.4012
27.65	37.2492
27.7	54.7062
27.75	40.5415
27.8	51.0685
27.85	54.6194
27.9	53.221
27.95	55.636
28	57.0174
28.05	93.2923
28.1	96.9852
28.15	180.41
28.2	233.957
28.25	304.108
28.3	325.389
28.35	436.77
28.4	391.548
28.45	337.473
28.5	276.113
28.55	196.799
28.6	119.172
28.65	99.0016
28.7	53.3753
28.75	62.0855
28.8	54.3259
28.85	34.8271
28.9	65.7674
28.95	86.6158
29	90.7894
29.05	81.8072
29.1	107.128
29.15	101.488
29.2	83.357
29.25	88.5075
29.3	82.3811
29.35	63.7784
29.4	57.9512
29.45	61.0659
29.5	55.4326
29.55	56.7909
29.6	81.6474
29.65	57.4965
29.7	61.4872
29.75	48.0051
29.8	60.4845
29.85	64.3582
29.9	75.0282
29.95	44.2363
30	81.7074
30.05	94.5968
30.1	130.547
30.15	184.698
30.2	195.332
30.25	221.449
30.3	201.012
30.35	170.31
30.4	162.144
30.45	128.695
30.5	101.395
30.55	98.8867
30.6	78.5537
30.65	72.0931
30.7	49.9769
30.75	65.6707
30.8	85.5346
30.85	93.0999
30.9	88.5117
30.95	125.905
31	114.572
31.05	113.659
31.1	112.46
31.15	64.0571
31.2	66.2298
31.25	60.1142
31.3	44.6865
31.35	31.7723
31.4	26.9347
31.45	38.5405
31.5	33.6369
31.55	44.6888
31.6	41.1979
31.65	37.1963
31.7	38.4343
31.75	27.0288
31.8	42.3831
31.85	62.6357
31.9	62.1815
31.95	64.6364
32	61.2016
32.05	70.8672
32.1	94.0654
32.15	78.0037
32.2	67.3248
32.25	70.7156
32.3	71.5969
32.35	38.4669
32.4	49.8556
32.45	41.8479
32.5	53.7564
32.55	41.373
32.6	43.6572
32.65	39.1718
32.7	42.5938
32.75	39.1763
32.8	37.9953
32.85	44.0016
32.9	61.7798
32.95	66.1029
33	67.018
33.05	106.076
33.1	103.178
33.15	138.446
33.2	172.027
33.25	136.124
33.3	129.317
33.35	98.2862
33.4	67.7126
33.45	60.9378
33.5	43.7404
33.55	42.2606
33.6	59.9431
33.65	39.0722
33.7	39.9105
33.75	38.6948
33.8	42.7341
33.85	45.0153
33.9	52.5197
33.95	57.5041
34	64.9868
34.05	65.9983
34.1	61.0024
34.15	49.1423
34.2	65.1185
34.25	55.0006
34.3	42.4074
34.35	39.8853
34.4	42.9329
34.45	57.8061
34.5	53.0545
34.55	68.5567
34.6	79.5218
34.65	71.5184
34.7	76.7079
34.75	87.2786
34.8	125.967
34.85	82.8219
34.9	78.7457
34.95	80.4868
35	80.3304
35.05	65.8903
35.1	43.6367
35.15	37.3132
35.2	31.6812
35.25	40.0619
35.3	36.527
35.35	39.2553
35.4	22.4401
35.45	33.5098
35.5	38.2513
35.55	28.7042
35.6	41.1516
35.65	43.3547
35.7	44.9965
35.75	39.0752
35.8	41.1748
35.85	34.4056
35.9	39.1744
35.95	34.2269
36	36.6711
36.05	30.3286
36.1	43.2027
36.15	38.5546
36.2	61.6469
36.25	60.764
36.3	71.9573
36.35	90.2645
36.4	111.146
36.45	122.961
36.5	104.152
36.55	105.641
36.6	81.7066
36.65	65.7932
36.7	57.984
36.75	60.9256
36.8	55.8576
36.85	48.3703
36.9	58.3737
36.95	86.9006
37	78.3164
37.05	77.9803
37.1	82.3267
37.15	93.88
37.2	80.2346
37.25	72.9844
37.3	45.8549
37.35	65.1344
37.4	69.5703
37.45	44.3509
37.5	54.4611
37.55	41.5263
37.6	48.1173
37.65	41.0138
37.7	39.4492
37.75	45.9462
37.8	34.3667
37.85	32.185
37.9	27.2916
37.95	34.319
38	28.4498
38.05	37.1196
38.1	32.7803
38.15	37.521
38.2	35.3254
38.25	49.5776
38.3	43.7761
38.35	39.7321
38.4	51.0371
38.45	45.4367
38.5	53.9627
38.55	44.3267
38.6	50.5182
38.65	45.1459
38.7	70.9856
38.75	56.238
38.8	54.7102
38.85	65.9057
38.9	72.6915
38.95	64.9484
39	53.0365
39.05	62.4436
39.1	65.0813
39.15	51.8351
39.2	57.8658
39.25	49.2215
39.3	42.0777
39.35	49.69
39.4	41.3914
39.45	34.8215
39.5	26.7702
39.55	34.2024
39.6	31.6573
39.65	42.8552
39.7	24.8741
39.75	30.4009
39.8	32.4578
39.85	24.3467
39.9	30.7336
39.95	19.9574
40	25.0118
40.05	36.287
40.1	32.3059
40.15	29.7285
40.2	24.604
40.25	43.4421
40.3	29.2726
40.35	20.1878
40.4	28.2131
40.45	24.729
40.5	43.0681
40.55	33.2448
40.6	33.8686
40.65	27.9127
40.7	31.9717
40.75	52.6258
40.8	41.468
40.85	43.3838
40.9	30.7832
40.95	30.741
41	44.6042
41.05	75.4657
41.1	50.1022
41.15	78.8808
41.2	76.4448
41.25	62.1894
41.3	80.9442
41.35	61.7593
41.4	45.989
41.45	51.0254
41.5	40.564
41.55	44.4491
41.6	44.9699
41.65	65.1035
41.7	52.7449
41.75	53.1722
41.8	31.5373
41.85	25.0711
41.9	17.3406
41.95	25.2943
42	40.5715
42.05	20.6546
42.1	32.2188
42.15	42.1112
42.2	27.8519
42.25	38.9931
42.3	32.4986
42.35	28.1161
42.4	29.4342
42.45	27.4759
42.5	23.6647
42.55	32.6611
42.6	30.5635
42.65	36.3462
42.7	34.1902
42.75	20.5618
42.8	40.1782
42.85	26.501
42.9	43.318
42.95	35.5825
43	20.3162
43.05	28.6044
43.1	36.0181
43.15	38.8181
43.2	42.2902
43.25	38.8648
43.3	45.8107
43.35	40.4959
43.4	48.6477
43.45	41.1556
43.5	21.8333
43.55	22.0303
43.6	37.7432
43.65	34.3528
43.7	34.6459
43.75	32.8459
43.8	42.6021
43.85	25.3101
43.9	36.3064
43.95	67.4727
44	59.1163
44.05	53.3922
44.1	56.5433
44.15	60.6961
44.2	39.3561
44.25	39.4076
44.3	38.105
44.35	28.6073
44.4	41.7248
44.45	43.7631
44.5	35.1364
44.55	26.666
44.6	34.4975
44.65	39.5651
44.7	40.8686
44.75	37.712
44.8	39.325
44.85	20.4651
44.9	37.8416
44.95	28.1435
45	20.3556
45.05	22.1061
45.1	28.6734
45.15	26.9003
45.2	34.8491
45.25	28.5352
45.3	36.4635
45.35	36.4528
45.4	39.6709
45.45	33.3791
45.5	34.6885
45.55	39.489
45.6	50.5149
45.65	45.1198
45.7	45.8427
45.75	27.1384
45.8	41.5363
45.85	36.6767
45.9	38.3736
45.95	46.0424
46	54.0605
46.05	43.491
46.1	66.8426
46.15	69.0274
46.2	70.7023
46.25	70.2277
46.3	47.5425
46.35	64.4719
46.4	46.4077
46.45	46.8159
46.5	43.2144
46.55	46.819
46.6	61.7237
46.65	36.0732
46.7	28.666
46.75	44.4851
46.8	28.3634
46.85	31.5078
46.9	40.3294
46.95	23.6282
47	40.3516
47.05	42.615
47.1	30.2423
47.15	27.2808
47.2	26.8907
47.25	28.7295
47.3	39.997
47.35	17.8794
47.4	31.2961
47.45	32.2733
47.5	24.0442
47.55	35.0233
47.6	24.0787
47.65	30.7801
47.7	31.6877
47.75	53.1169
47.8	37.3527
47.85	36.2385
47.9	30.8849
47.95	35.2708
48	25.8348
48.05	30.967
48.1	36.6697
48.15	34.0166
48.2	38.67
48.25	33.7066
48.3	46.6958
48.35	45.5335
48.4	29.3126
48.45	35.55
48.5	39.1624
48.55	30.7864
48.6	37.5703
48.65	24.4991
48.7	29.218
48.75	33.8232
48.8	26.6552
48.85	25.6505
48.9	28.4689
48.95	17.923
49	20.7378
49.05	30.5481
49.1	22.7083
49.15	25.6403
49.2	32.3061
49.25	25.8568
49.3	27.7648
49.35	38.8387
49.4	24.6744
49.45	17.9929
49.5	17.8441
49.55	29.7156
49.6	27.8583
49.65	17.7844
49.7	24.9743
49.75	26.3248
49.8	29.1709
49.85	34.8429
49.9	23.2176
49.95	25.1062
50	20.861
50.05	30.7102
50.1	37.2499
50.15	25.7856
50.2	50.9976
50.25	25.9814
50.3	45.7426
50.35	26.6302
50.4	31.1703
50.45	49.2349
50.5	19.7184
50.55	18.2439
50.6	26.5101
50.65	21.42
50.7	34.6661
50.75	27.5832
50.8	24.8998
50.85	17.6003
50.9	30.9808
50.95	24.3342
51	21.1168
51.05	19.7477
51.1	26.5713
51.15	16.5132
51.2	28.1079
51.25	16.4383
51.3	51.76
51.35	9.95745
51.4	32.0587
51.45	18.4294
51.5	21.9723
51.55	31.429
51.6	39.138
51.65	44.4433
51.7	27.9511
51.75	36.2729
51.8	37.6865
51.85	26.618
51.9	23.5098
51.95	33.3579
52	30.083
52.05	18.7284
52.1	18.3914
52.15	30.8538
52.2	21.0539
52.25	22.8344
52.3	18.3407
52.35	23.077
52.4	28.2223
52.45	29.9177
52.5	33.479
52.55	22.0738
52.6	25.3992
52.65	35.8144
52.7	23.6376
52.75	40.0562
52.8	39.5831
52.85	37.7618
52.9	31.5992
52.95	28.3607
53	11.9515
53.05	21.797
53.1	18.8131
53.15	15.4203
53.2	27.8136
53.25	12.5284
53.3	28.1566
53.35	32.484
53.4	27.1429
53.45	11.7091
53.5	18.6289
53.55	12.0175
53.6	22.1559
53.65	24.0983
53.7	15.6779
53.75	13.028
53.8	14.8828
53.85	18.205
53.9	20.3779
53.95	15.4765
54	23.9369
54.05	23.9227
54.1	15.6354
54.15	21.5614
54.2	18.0949
54.25	21.5656
54.3	23.6387
54.35	30.625
54.4	15.653
54.45	22.3147
54.5	19.1596
54.55	25.2004
54.6	29.4888
54.65	11.6082
54.7	18.6673
54.75	24.0078
54.8	24.227
54.85	20.7579
54.9	33.203
54.95	27.9101
55	21.5153
