scanname 扫描246
timestamp 1/1/1970 00:10
ccdbias 1681.84
ccdgain 2.46132
sigmaread 11.4449
laserwavenum -0.463862
wavenumcorrection -0.736767
scancount 1
totalexposurems 1000
singleexposurems 1000
measurementstate Unknown
scanmode Identification
snr 12.0194 12.0194 12.0194
replacelist 0
peaks 40
257.09 0.0506813 0 0.703232 4.90237e-05
296.687 0.0515632 0 5.89721 0.000314926
357.4 0.0369702 0 1.72704 0.000124671
382.297 0.0612408 0 7.84126 0.000431793
405.363 0.0243243 0 3.3202 0.000257834
426.909 0.0283781 0 3.25293 0.000247817
445.154 0.0329215 0 1.9441 2.91359e-05
456.161 0.0477082 0 4.45432 0.000255775
507.807 0.0271674 0 0.368429 8.73516e-06
546.815 0.028353 0 0.49107 2.86653e-05
588.327 0.041472 0 1.59837 0.000129318
647.699 0.0324657 0 2.05106 0.000178896
667.035 0.027646 0 0.8516 1.34592e-05
680.45 0.027536 0 0.861328 0.000111738
702.701 0.0288014 0 0.52736 9.54747e-05
738.261 0.032948 0 1.17614 0.000128563
758.629 0.0347472 0 1.3812 0.000144736
777.18 0.0310723 0 0.476295 5.41816e-05
805.357 0.0586442 0 9.30573 0.000698392
834.411 0.0821406 0 14.0087 0.00110518
914.183 0.0288383 0 0.452592 3.979e-05
947.223 0.0289092 0 0.333031 3.64908e-05
970.825 0.0259638 0 0.210649 1.53609e-05
1000.9 0.0248634 0 0.0919772 2.78895e-05
1136.52 0.0349832 0 1.50129 0.000223432
1163.21 0.0282134 0 0.395023 4.80329e-05
1196.52 0.0562039 0 4.92005 0.00058379
1253.61 0.0444831 0 3.8181 0.000505013
1349.41 0.136584 0 3.8993 0.000821395
1358.21 0.196967 0 10.9564 0.00206728
1384.16 0.0617671 0 1.36698 0.000308567
1385.74 0.0661258 0 1.14005 3.75043e-05
1473.93 0.0302272 0 0.164338 8.34152e-05
1534.91 0.0542363 0 2.83459 0.00064841
1549.98 0.0417148 0 1.13333 0.000233047
1567.9 0.039247 0 1.19879 0.000326978
1606.68 0.0769025 0 5.05055 0.0010006
1978.22 0.0168907 0 0.0260069 1.93059e-05
2870.49 0.0141628 0 0.13525 0.00209504
2886.66 0.0155088 0 0.193369 0.00169794
finalresult No match found 1A5911	7.29844e-29
spectrum 2048
-91.32 0.000585085
-88.722 0.000396745
-86.1256 0.250878
-83.5311 0.301983
-80.9381 0.311178
-78.347 0.287979
-75.7575 0.281267
-73.1696 0.340205
-70.5836 0.32699
-67.9992 0.339898
-65.4165 0.366328
-62.8355 0.328731
-60.2563 0.396325
-57.6786 0.443986
-55.1027 0.432387
-52.5285 0.430973
-49.956 0.467537
-47.3853 0.48092
-44.8161 0.497496
-42.2487 0.51146
-39.6829 0.576277
-37.1188 0.545862
-34.5565 0.590602
-31.9957 0.612993
-29.4367 0.61424
-26.8793 0.624755
-24.3238 0.623495
-21.7698 0.650992
-19.2174 0.689559
-16.6668 0.714815
-14.1178 0.791731
-11.5706 0.9
-9.02499 1.00277
-6.48114 0.429501
-3.93886 0.163489
-1.3982 0.133132
1.14063 0.133685
3.67798 0.134268
6.21348 0.143424
8.74742 0.398745
11.2797 0.415157
13.8103 0.45088
16.3393 0.53074
18.8665 0.54324
21.3921 0.480521
23.9161 0.483402
26.4384 0.473332
28.9591 0.47925
31.4781 0.485064
33.9954 0.502705
36.5111 0.497932
39.0252 0.447324
41.5375 0.455242
44.0483 0.424596
46.5574 0.419424
49.0649 0.380148
51.5707 0.362904
54.0748 0.357827
56.5774 0.346673
59.0783 0.33209
61.5775 0.288469
64.0751 0.31269
66.5711 0.313513
69.0655 0.279266
71.5582 0.288161
74.0492 0.292941
76.5386 0.265252
79.0265 0.297403
81.5126 0.306609
83.9972 0.27105
86.4801 0.238373
88.9614 0.304182
91.4411 0.302634
93.9191 0.197378
96.3956 0.214127
98.8703 0.249564
101.344 0.19977
103.815 0.193059
106.285 0.24907
108.754 0.199617
111.22 0.145576
113.685 0.1666
116.149 0.157462
118.611 0.129014
121.071 0.148268
123.53 0.142929
125.987 0.145481
128.442 0.155601
130.896 0.149291
133.348 0.138498
135.799 0.132123
138.248 0.120899
140.695 0.105005
143.141 0.0976671
145.585 0.0878108
148.028 0.0822714
150.469 0.0756999
152.908 0.0695334
155.346 0.0649185
157.783 0.0649979
160.217 0.0634432
162.65 0.0679973
165.082 0.0726707
167.512 0.0839405
169.94 0.107336
172.367 0.12695
174.792 0.150333
177.215 0.155848
179.637 0.137846
182.058 0.110843
184.476 0.0872375
186.894 0.0722311
189.309 0.0650343
191.723 0.0638908
194.136 0.0586621
196.547 0.0557983
198.956 0.0489526
201.364 0.0455335
203.77 0.0428031
206.175 0.0414449
208.578 0.0408391
210.979 0.0377365
213.379 0.0379964
215.778 0.0371516
218.174 0.0368389
220.57 0.0371998
222.963 0.0343711
225.355 0.0350752
227.746 0.0358583
230.135 0.0352016
232.522 0.0363259
234.908 0.0370544
237.292 0.0394357
239.675 0.0383587
242.056 0.0403972
244.436 0.0427652
246.814 0.0458113
249.191 0.049398
251.566 0.0503666
253.939 0.050044
256.311 0.0506835
258.682 0.0512944
261.051 0.0487178
263.418 0.049458
265.784 0.0472474
268.148 0.0438642
270.51 0.042256
272.872 0.038457
275.231 0.037527
277.589 0.0371154
279.946 0.0327999
282.301 0.0333058
284.654 0.0331737
287.006 0.033324
289.357 0.035885
291.705 0.0418279
294.053 0.0486283
296.399 0.0529834
298.743 0.0509328
301.086 0.0448656
303.427 0.0371394
305.767 0.0335732
308.105 0.0310072
310.442 0.0306247
312.777 0.0297089
315.11 0.0285812
317.442 0.0291278
319.773 0.0303959
322.102 0.0305866
324.43 0.0282381
326.756 0.0289139
329.08 0.0301944
331.404 0.0284098
333.725 0.0282482
336.045 0.0274229
338.364 0.032116
340.681 0.0312147
342.996 0.0311239
345.31 0.029991
347.623 0.0296572
349.934 0.0307429
352.243 0.0316678
354.551 0.0373164
356.858 0.037313
359.163 0.0363215
361.466 0.0344577
363.768 0.0321542
366.069 0.0304347
368.368 0.0314675
370.666 0.0332268
372.962 0.0344608
375.256 0.0406277
377.549 0.0500243
379.841 0.0588405
382.131 0.0615141
384.42 0.0601114
386.707 0.0521799
388.992 0.0419324
391.277 0.0357799
393.559 0.0328954
395.841 0.0299439
398.12 0.0246787
400.399 0.0202724
402.676 0.0203822
404.951 0.020849
407.225 0.0239127
409.497 0.0253109
411.768 0.0118313
414.038 0.00417286
416.305 0.000848087
418.572 0.0099113
420.837 0.0197767
423.101 0.0261995
425.363 0.0276229
427.623 0.0263412
429.883 0.027207
432.14 0.0268439
434.397 0.027918
436.651 0.0273193
438.905 0.0286825
441.157 0.0287554
443.407 0.0293059
445.656 0.0316215
447.904 0.0344445
450.15 0.0380284
452.394 0.0444106
454.637 0.0475838
456.879 0.0479458
459.119 0.0448013
461.358 0.0401201
463.596 0.0341853
465.832 0.0296383
468.066 0.0290493
470.299 0.0277971
472.531 0.0282701
474.761 0.0261571
476.99 0.0267157
479.217 0.025581
481.443 0.0276557
483.667 0.0265588
485.89 0.0253962
488.112 0.0265714
490.332 0.026238
492.551 0.025527
494.768 0.0258511
496.984 0.0263578
499.198 0.0272836
501.411 0.0262944
503.622 0.0266035
505.833 0.0279163
508.041 0.0264379
510.249 0.0267898
512.454 0.0269179
514.659 0.0254002
516.862 0.0259042
519.063 0.026519
521.264 0.0266804
523.462 0.025588
525.66 0.0268322
527.856 0.0228185
530.05 0.0215073
532.243 0.0217512
534.435 0.0239636
536.625 0.025953
538.814 0.0265676
541.001 0.028481
543.187 0.0275287
545.372 0.0276079
547.555 0.0276396
549.737 0.0281589
551.917 0.0281364
554.097 0.0268695
556.274 0.0279119
558.45 0.0269324
560.625 0.0273425
562.799 0.0270584
564.971 0.0269898
567.141 0.026283
569.31 0.0261683
571.478 0.0277444
573.645 0.0280123
575.81 0.0301221
577.973 0.0304958
580.136 0.0328468
582.297 0.0365267
584.456 0.0400604
586.614 0.040283
588.771 0.0423745
590.926 0.0399715
593.08 0.0387244
595.233 0.0387123
597.384 0.0357224
599.534 0.0333822
601.682 0.0317291
603.829 0.029701
605.975 0.0287347
608.119 0.0274304
610.262 0.0274688
612.404 0.0273304
614.544 0.0277661
616.683 0.026975
618.82 0.0285202
620.956 0.0255037
623.091 0.0273698
625.224 0.0263716
627.356 0.0269015
629.487 0.0260262
631.616 0.0269816
633.744 0.0262141
635.87 0.0244036
637.995 0.0237567
640.119 0.0227363
642.241 0.0256277
644.362 0.0314743
646.482 0.0326479
648.601 0.031798
650.718 0.0307726
652.833 0.0278459
654.947 0.0286459
657.06 0.0266463
659.172 0.0268128
661.282 0.0271043
663.391 0.0250509
665.498 0.0256117
667.605 0.024912
669.709 0.0263678
671.813 0.0274868
673.915 0.026875
676.016 0.0277941
678.115 0.0267567
680.213 0.0272525
682.31 0.0278897
684.406 0.0264187
686.5 0.0224382
688.592 0.0196944
690.684 0.0163497
692.774 0.0192539
694.863 0.0224897
696.95 0.0268164
699.036 0.0277499
701.121 0.0273623
703.204 0.0288491
705.286 0.028472
707.367 0.027223
709.447 0.0264685
711.525 0.0257
713.601 0.0275183
715.677 0.0277435
717.751 0.0268592
719.824 0.0263755
721.895 0.0258669
723.965 0.0274851
726.034 0.0283666
728.102 0.0266545
730.168 0.0291669
732.233 0.0281778
734.296 0.0306799
736.359 0.0328937
738.42 0.0339362
740.479 0.0308362
742.538 0.0307668
744.595 0.0280421
746.65 0.0278407
748.705 0.0279177
750.758 0.0275932
752.81 0.0304422
754.86 0.0310522
756.909 0.0357884
758.957 0.0342166
761.003 0.0340943
763.049 0.0318749
765.093 0.0286705
767.135 0.0290081
769.177 0.0279113
771.217 0.0277975
773.255 0.0312906
775.293 0.030892
777.329 0.0321114
779.364 0.0301249
781.398 0.0296687
783.43 0.0283206
785.461 0.0280531
787.491 0.0279061
789.519 0.0273119
791.546 0.0284011
793.572 0.0288035
795.596 0.0278638
797.62 0.029116
799.642 0.0358257
801.662 0.0478999
803.682 0.0579008
805.7 0.060079
807.717 0.0551125
809.732 0.0412331
811.747 0.0322973
813.76 0.0307215
815.771 0.0291979
817.782 0.0289959
819.791 0.0283771
821.799 0.0294842
823.806 0.0303938
825.811 0.0309348
827.815 0.0368781
829.818 0.0550637
831.82 0.0723718
833.82 0.0839964
835.819 0.0825136
837.817 0.0687101
839.813 0.0489815
841.808 0.0381016
843.802 0.0323175
845.795 0.028622
847.786 0.0295464
849.777 0.0314106
851.766 0.0296509
853.753 0.0316148
855.74 0.030851
857.725 0.0290666
859.709 0.0278311
861.691 0.0274157
863.673 0.028015
865.653 0.0272429
867.632 0.0266258
869.609 0.0266296
871.586 0.0258133
873.561 0.0269057
875.535 0.0273092
877.507 0.0295107
879.479 0.0274365
881.449 0.0289219
883.418 0.0261226
885.386 0.0272524
887.352 0.0265663
889.317 0.0270701
891.281 0.0270245
893.244 0.0271098
895.205 0.026636
897.165 0.0256249
899.124 0.02755
901.082 0.0252986
903.039 0.0265612
904.994 0.0262084
906.948 0.0253831
908.901 0.0269632
910.852 0.029952
912.803 0.0293448
914.752 0.0286724
916.7 0.0282939
918.646 0.0284322
920.592 0.0259237
922.536 0.0261879
924.479 0.025103
926.421 0.0250014
928.361 0.0267582
930.301 0.0249038
932.239 0.0258456
934.176 0.024706
936.111 0.0258077
938.046 0.0253161
939.979 0.0275555
941.911 0.0268998
943.842 0.0301386
945.771 0.0284134
947.7 0.030121
949.627 0.0276684
951.553 0.0270012
953.477 0.0274707
955.401 0.0271509
957.323 0.0252602
959.244 0.0262578
961.164 0.0247063
963.083 0.0253941
965 0.026028
966.917 0.0250837
968.832 0.0260076
970.746 0.0246284
972.658 0.0261333
974.57 0.025403
976.48 0.0240775
978.389 0.0256428
980.297 0.0259549
982.204 0.025321
984.109 0.0240882
986.013 0.0214848
987.916 0.020588
989.818 0.0216704
991.719 0.0213259
993.618 0.0223522
995.517 0.026028
997.414 0.0249924
999.31 0.0237052
1001.21 0.0243033
1003.1 0.0257749
1004.99 0.0244587
1006.88 0.0235191
1008.77 0.0242264
1010.66 0.0237057
1012.55 0.0228693
1014.44 0.0244992
1016.32 0.0249462
1018.21 0.0250358
1020.09 0.0246231
1021.97 0.0244458
1023.85 0.0248133
1025.73 0.0253545
1027.61 0.0254445
1029.49 0.0262609
1031.36 0.0255644
1033.24 0.0267054
1035.11 0.024677
1036.98 0.0252481
1038.85 0.0252205
1040.72 0.0258141
1042.59 0.0257634
1044.46 0.0256228
1046.33 0.0248367
1048.19 0.0251954
1050.06 0.0240779
1051.92 0.024995
1053.78 0.0247546
1055.64 0.0254432
1057.5 0.0243838
1059.36 0.0233213
1061.22 0.0244164
1063.07 0.0238322
1064.93 0.0240596
1066.78 0.0243685
1068.63 0.0240422
1070.49 0.023476
1072.34 0.0242986
1074.19 0.0223611
1076.03 0.02485
1077.88 0.0232896
1079.73 0.0239445
1081.57 0.0230482
1083.41 0.0228722
1085.26 0.024094
1087.1 0.0248867
1088.94 0.0240434
1090.78 0.0240248
1092.61 0.0233566
1094.45 0.0251109
1096.28 0.0235781
1098.12 0.0253029
1099.95 0.02433
1101.78 0.0244423
1103.61 0.0242695
1105.44 0.0234859
1107.27 0.0249738
1109.1 0.0249225
1110.93 0.0242931
1112.75 0.025314
1114.57 0.0250783
1116.4 0.0242437
1118.22 0.0244165
1120.04 0.0256057
1121.86 0.0245119
1123.68 0.0234824
1125.49 0.0252586
1127.31 0.0255005
1129.13 0.026503
1130.94 0.0283337
1132.75 0.0311045
1134.56 0.0345542
1136.37 0.0344303
1138.18 0.0357628
1139.99 0.0310619
1141.8 0.0291031
1143.6 0.0255469
1145.41 0.027374
1147.21 0.0253089
1149.01 0.0250071
1150.82 0.0266255
1152.62 0.0246647
1154.42 0.0260225
1156.21 0.0254884
1158.01 0.0239365
1159.81 0.0277651
1161.6 0.0279594
1163.39 0.031402
1165.19 0.027306
1166.98 0.0274981
1168.77 0.0269844
1170.56 0.0240599
1172.35 0.0249178
1174.13 0.0257355
1175.92 0.024018
1177.7 0.0256498
1179.49 0.0245556
1181.27 0.0273672
1183.05 0.0288079
1184.83 0.0316207
1186.61 0.033269
1188.39 0.0377833
1190.17 0.0403362
1191.94 0.0443545
1193.72 0.0508401
1195.49 0.0555261
1197.26 0.056852
1199.03 0.0518848
1200.8 0.0456758
1202.57 0.0347912
1204.34 0.0334844
1206.11 0.0288608
1207.88 0.0276071
1209.64 0.0257779
1211.4 0.0246959
1213.17 0.0235506
1214.93 0.0239257
1216.69 0.0236943
1218.45 0.023523
1220.21 0.0256867
1221.97 0.0230315
1223.72 0.0234662
1225.48 0.0233467
1227.23 0.0245818
1228.98 0.0238067
1230.74 0.0234617
1232.49 0.023797
1234.24 0.0248425
1235.98 0.0233728
1237.73 0.0238974
1239.48 0.0250522
1241.22 0.025331
1242.97 0.0252731
1244.71 0.0278493
1246.45 0.0283421
1248.2 0.031164
1249.94 0.0345449
1251.68 0.0434022
1253.41 0.0458089
1255.15 0.0433278
1256.89 0.0384106
1258.62 0.0319262
1260.35 0.0294693
1262.09 0.0290747
1263.82 0.0257453
1265.55 0.0255032
1267.28 0.0240532
1269.01 0.0254885
1270.73 0.0256488
1272.46 0.0250433
1274.19 0.0257284
1275.91 0.0264552
1277.63 0.0262825
1279.35 0.0264386
1281.08 0.0262519
1282.8 0.0267836
1284.51 0.0288827
1286.23 0.0267934
1287.95 0.0259052
1289.66 0.0274697
1291.38 0.0270105
1293.09 0.0270146
1294.81 0.0273998
1296.52 0.0281584
1298.23 0.0289771
1299.94 0.0285487
1301.64 0.031782
1303.35 0.0289957
1305.06 0.0308925
1306.76 0.0319605
1308.47 0.0334063
1310.17 0.0341537
1311.87 0.0349195
1313.57 0.0343061
1315.27 0.0346089
1316.97 0.0371656
1318.67 0.0374179
1320.37 0.040204
1322.06 0.0417238
1323.76 0.0438106
1325.45 0.0434343
1327.14 0.0443041
1328.84 0.0454211
1330.53 0.0453541
1332.22 0.044906
1333.91 0.048275
1335.59 0.0482547
1337.28 0.0516972
1338.96 0.0602568
1340.65 0.0726342
1342.33 0.0966519
1344.01 0.112169
1345.7 0.125893
1347.38 0.134689
1349.06 0.132391
1350.73 0.137195
1352.41 0.142892
1354.09 0.161507
1355.76 0.183335
1357.44 0.197057
1359.11 0.198639
1360.78 0.182408
1362.45 0.154392
1364.12 0.128061
1365.79 0.104492
1367.46 0.0895095
1369.13 0.0795148
1370.79 0.0712248
1372.46 0.065043
1374.12 0.063462
1375.79 0.061168
1377.45 0.0606241
1379.11 0.057579
1380.77 0.0602635
1382.43 0.0594431
1384.08 0.0635032
1385.74 0.0617863
1387.4 0.0589423
1389.05 0.0520156
1390.71 0.0485737
1392.36 0.0417968
1394.01 0.0400989
1395.66 0.0361931
1397.31 0.0342626
1398.96 0.0344428
1400.61 0.0321308
1402.26 0.0333121
1403.9 0.0317949
1405.55 0.0332508
1407.19 0.0315998
1408.83 0.0304108
1410.47 0.0306063
1412.12 0.0292308
1413.76 0.0284562
1415.39 0.0261989
1417.03 0.0284838
1418.67 0.0266234
1420.3 0.0283399
1421.94 0.0260919
1423.57 0.0250561
1425.21 0.0266458
1426.84 0.0277431
1428.47 0.0266671
1430.1 0.0278326
1431.73 0.0267964
1433.36 0.0280841
1434.98 0.029526
1436.61 0.0268226
1438.23 0.0287099
1439.86 0.0286919
1441.48 0.0258062
1443.1 0.0280899
1444.72 0.0250842
1446.34 0.0265212
1447.96 0.0278583
1449.58 0.0270381
1451.2 0.0270947
1452.81 0.0256561
1454.43 0.0258672
1456.04 0.0270113
1457.66 0.0259446
1459.27 0.0266426
1460.88 0.0244131
1462.49 0.0284627
1464.1 0.0267969
1465.71 0.0276292
1467.32 0.0269799
1468.92 0.0283852
1470.53 0.02812
1472.13 0.029652
1473.74 0.0307402
1475.34 0.0299971
1476.94 0.0303768
1478.54 0.0282254
1480.14 0.0266811
1481.74 0.0266264
1483.34 0.0251877
1484.93 0.0243355
1486.53 0.024295
1488.12 0.0246591
1489.72 0.0245
1491.31 0.023514
1492.9 0.0247494
1494.49 0.0238773
1496.08 0.0240215
1497.67 0.0231861
1499.26 0.025524
1500.85 0.0246278
1502.43 0.0225875
1504.02 0.0235582
1505.6 0.0249505
1507.18 0.0246818
1508.77 0.0233934
1510.35 0.0244173
1511.93 0.0248587
1513.51 0.0259594
1515.09 0.0261973
1516.66 0.026933
1518.24 0.0299481
1519.82 0.0289414
1521.39 0.0284724
1522.96 0.0322755
1524.54 0.0318964
1526.11 0.0325343
1527.68 0.0368186
1529.25 0.0413348
1530.82 0.0429029
1532.39 0.0506641
1533.95 0.0527998
1535.52 0.0566869
1537.09 0.0500254
1538.65 0.042912
1540.21 0.0374918
1541.78 0.0320165
1543.34 0.0315034
1544.9 0.0343581
1546.46 0.0399211
1548.02 0.0418778
1549.57 0.0421716
1551.13 0.040182
1552.69 0.0392181
1554.24 0.0375013
1555.79 0.0344634
1557.35 0.0321593
1558.9 0.0321403
1560.45 0.0310076
1562 0.0307796
1563.55 0.0333892
1565.1 0.0357465
1566.65 0.0389703
1568.19 0.0401545
1569.74 0.0378514
1571.28 0.0348649
1572.83 0.0316839
1574.37 0.0282493
1575.91 0.0284879
1577.45 0.0266929
1578.99 0.0267059
1580.53 0.025272
1582.07 0.0264726
1583.61 0.0265695
1585.14 0.0286265
1586.68 0.0282375
1588.21 0.0286369
1589.75 0.0319763
1591.28 0.0320822
1592.81 0.0346331
1594.34 0.0328041
1595.87 0.0343532
1597.4 0.0377231
1598.93 0.0385438
1600.46 0.0445931
1601.98 0.0555471
1603.51 0.0651636
1605.03 0.0744018
1606.55 0.0780767
1608.08 0.0745718
1609.6 0.068141
1611.12 0.0572894
1612.64 0.0463964
1614.16 0.0391486
1615.68 0.0345086
1617.19 0.0294168
1618.71 0.0268492
1620.22 0.0248345
1621.74 0.0245304
1623.25 0.0233792
1624.77 0.0239392
1626.28 0.0227132
1627.79 0.0192585
1629.3 0.0218176
1630.81 0.0231491
1632.31 0.0210894
1633.82 0.020307
1635.33 0.0227374
1636.83 0.0209836
1638.34 0.0236741
1639.84 0.0200142
1641.34 0.0218646
1642.85 0.0213758
1644.35 0.0217527
1645.85 0.0211746
1647.35 0.0197839
1648.84 0.0199732
1650.34 0.019287
1651.84 0.0198063
1653.33 0.0196644
1654.83 0.0190478
1656.32 0.020904
1657.81 0.021101
1659.31 0.0183505
1660.8 0.0189168
1662.29 0.020419
1663.78 0.0193875
1665.27 0.0183833
1666.75 0.0215533
1668.24 0.0182663
1669.72 0.0210319
1671.21 0.0200491
1672.69 0.0227701
1674.18 0.0205076
1675.66 0.0189998
1677.14 0.0192779
1678.62 0.0189317
1680.1 0.0197725
1681.58 0.0186696
1683.06 0.018828
1684.53 0.0163021
1686.01 0.0179854
1687.48 0.0177299
1688.96 0.0185345
1690.43 0.0194554
1691.9 0.019321
1693.38 0.0187651
1694.85 0.0196773
1696.32 0.0172485
1697.79 0.0199933
1699.25 0.0177809
1700.72 0.0168349
1702.19 0.0191082
1703.65 0.0180648
1705.12 0.0172169
1706.58 0.0188409
1708.04 0.0190883
1709.51 0.0187501
1710.97 0.0199061
1712.43 0.0208089
1713.89 0.0191259
1715.35 0.0192754
1716.8 0.0181659
1718.26 0.0187474
1719.72 0.0200138
1721.17 0.0182753
1722.63 0.0161916
1724.08 0.0199289
1725.53 0.0190245
1726.98 0.0178543
1728.43 0.0190155
1729.88 0.017392
1731.33 0.0187816
1732.78 0.0172828
1734.23 0.0181976
1735.68 0.0150674
1737.12 0.0185249
1738.57 0.019199
1740.01 0.0178895
1741.45 0.0182828
1742.89 0.0181109
1744.34 0.0166534
1745.78 0.0180582
1747.22 0.0171354
1748.65 0.0184052
1750.09 0.0182557
1751.53 0.0188853
1752.97 0.0169335
1754.4 0.0184835
1755.84 0.0190578
1757.27 0.0180667
1758.7 0.0176651
1760.13 0.0174765
1761.57 0.0193071
1763 0.0164818
1764.43 0.0188409
1765.85 0.0165789
1767.28 0.0183803
1768.71 0.0172733
1770.13 0.0192596
1771.56 0.0166258
1772.98 0.0163263
1774.41 0.0174574
1775.83 0.0153217
1777.25 0.0172131
1778.67 0.0163611
1780.09 0.0149297
1781.51 0.0147237
1782.93 0.0166525
1784.35 0.0157602
1785.77 0.0176
1787.18 0.016458
1788.6 0.0167408
1790.01 0.0154803
1791.42 0.0174907
1792.84 0.0180412
1794.25 0.0171135
1795.66 0.0180523
1797.07 0.0169769
1798.48 0.0154513
1799.89 0.016577
1801.3 0.0188144
1802.7 0.0159408
1804.11 0.0166622
1805.51 0.0201468
1806.92 0.0171243
1808.32 0.0184614
1809.72 0.0183892
1811.13 0.0180541
1812.53 0.0189773
1813.93 0.0183238
1815.33 0.0162715
1816.72 0.0177334
1818.12 0.0188721
1819.52 0.0194374
1820.91 0.0175502
1822.31 0.018
1823.7 0.0182107
1825.1 0.0178139
1826.49 0.0184299
1827.88 0.0156375
1829.27 0.018105
1830.66 0.0194261
1832.05 0.0183743
1833.44 0.0162275
1834.83 0.016801
1836.22 0.0196494
1837.6 0.0169022
1838.99 0.0179782
1840.37 0.0190276
1841.76 0.0136983
1843.14 0.0172038
1844.52 0.0166322
1845.9 0.0175288
1847.28 0.016439
1848.66 0.0179861
1850.04 0.0159154
1851.42 0.0150065
1852.8 0.0185523
1854.17 0.0154892
1855.55 0.0166391
1856.92 0.0156585
1858.3 0.0154271
1859.67 0.0159516
1861.04 0.0160354
1862.41 0.0167419
1863.78 0.0153704
1865.15 0.0175109
1866.52 0.017059
1867.89 0.0162236
1869.26 0.0169283
1870.63 0.0149928
1871.99 0.019188
1873.36 0.0175896
1874.72 0.015972
1876.09 0.0139108
1877.45 0.0181049
1878.81 0.0152687
1880.17 0.0174112
1881.53 0.0173035
1882.89 0.0172137
1884.25 0.0163861
1885.61 0.0154877
1886.96 0.0161394
1888.32 0.0155006
1889.68 0.0163046
1891.03 0.0160848
1892.38 0.0164831
1893.74 0.0144341
1895.09 0.0151809
1896.44 0.0166204
1897.79 0.0163216
1899.14 0.0152094
1900.49 0.014804
1901.84 0.0138644
1903.19 0.0147568
1904.53 0.0158189
1905.88 0.0173022
1907.22 0.0173449
1908.57 0.0167893
1909.91 0.0150961
1911.26 0.0157717
1912.6 0.0162527
1913.94 0.016221
1915.28 0.0161096
1916.62 0.0144861
1917.96 0.0164777
1919.3 0.0154855
1920.63 0.0173222
1921.97 0.0157695
1923.31 0.0165477
1924.64 0.0138247
1925.97 0.0158914
1927.31 0.0187674
1928.64 0.0170943
1929.97 0.0160344
1931.3 0.0176933
1932.63 0.0128337
1933.96 0.0150258
1935.29 0.0159768
1936.62 0.0178005
1937.95 0.0169746
1939.27 0.015882
1940.6 0.0171595
1941.92 0.0143928
1943.25 0.0169664
1944.57 0.0164438
1945.89 0.0155767
1947.21 0.0178466
1948.53 0.0172096
1949.85 0.0137603
1951.17 0.016255
1952.49 0.0182815
1953.81 0.0179209
1955.13 0.0151878
1956.44 0.0127096
1957.76 0.0164652
1959.07 0.0162245
1960.39 0.0168513
1961.7 0.0159338
1963.01 0.0124346
1964.32 0.0148584
1965.64 0.0134318
1966.95 0.0146096
1968.26 0.0163401
1969.56 0.0144093
1970.87 0.0140097
1972.18 0.017718
1973.48 0.0162282
1974.79 0.018884
1976.09 0.0144301
1977.4 0.0169563
1978.7 0.0173986
1980 0.0176036
1981.31 0.0157257
1982.61 0.0191362
1983.91 0.01542
1985.21 0.0123311
1986.5 0.0173241
1987.8 0.0142622
1989.1 0.0157534
1990.4 0.0159947
1991.69 0.0137406
1992.99 0.0158003
1994.28 0.0164802
1995.57 0.0161902
1996.87 0.0176688
1998.16 0.0166856
1999.45 0.0149345
2000.74 0.0140019
2002.03 0.0148325
2003.32 0.0135647
2004.61 0.0159234
2005.89 0.0148252
2007.18 0.0135751
2008.46 0.0139391
2009.75 0.0160447
2011.03 0.014919
2012.32 0.0153239
2013.6 0.0151521
2014.88 0.0140158
2016.16 0.01499
2017.44 0.0158056
2018.72 0.016118
2020 0.0148584
2021.28 0.0152761
2022.56 0.0136879
2023.83 0.0149441
2025.11 0.013037
2026.39 0.0149619
2027.66 0.0159604
2028.93 0.0112338
2030.21 0.0155052
2031.48 0.015998
2032.75 0.015022
2034.02 0.0126575
2035.29 0.0159881
2036.56 0.014881
2037.83 0.0133921
2039.1 0.0150253
2040.36 0.0134339
2041.63 0.0143258
2042.89 0.0146204
2044.16 0.0147234
2045.42 0.0187639
2046.69 0.015052
2047.95 0.0178045
2049.21 0.014405
2050.47 0.0146811
2051.73 0.0158174
2052.99 0.0143354
2054.25 0.0158619
2055.51 0.0153903
2056.77 0.016231
2058.02 0.0145448
2059.28 0.014834
2060.53 0.0138993
2061.79 0.0138163
2063.04 0.0141677
2064.3 0.0158493
2065.55 0.0136684
2066.8 0.0148299
2068.05 0.0142768
2069.3 0.0149224
2070.55 0.0151115
2071.8 0.0147039
2073.05 0.0160346
2074.29 0.0165088
2075.54 0.0149428
2076.78 0.015372
2078.03 0.0144948
2079.27 0.0155193
2080.52 0.0135567
2081.76 0.0139792
2083 0.0147138
2084.24 0.0151396
2085.48 0.0160504
2086.72 0.0147089
2087.96 0.0148384
2089.2 0.0159675
2090.44 0.013979
2091.67 0.0156675
2092.91 0.0118235
2094.15 0.0146656
2095.38 0.0154722
2096.62 0.0138003
2097.85 0.0126987
2099.08 0.0158511
2100.31 0.0137838
2101.54 0.0136573
2102.77 0.0146473
2104 0.014485
2105.23 0.0138379
2106.46 0.0154537
2107.69 0.0130027
2108.92 0.0165317
2110.14 0.0161493
2111.37 0.0155935
2112.59 0.0133131
2113.82 0.0160483
2115.04 0.0163669
2116.26 0.0140444
2117.48 0.0130496
2118.7 0.01709
2119.92 0.0144132
2121.14 0.012973
2122.36 0.0141455
2123.58 0.0169842
2124.8 0.0144404
2126.01 0.014165
2127.23 0.0134132
2128.45 0.0136203
2129.66 0.0161025
2130.87 0.0137154
2132.09 0.0161222
2133.3 0.015818
2134.51 0.0156149
2135.72 0.0137332
2136.93 0.0140325
2138.14 0.014284
2139.35 0.0150047
2140.56 0.0151632
2141.77 0.0140071
2142.97 0.0151438
2144.18 0.0159869
2145.39 0.0183997
2146.59 0.0156319
2147.79 0.0138674
2149 0.017646
2150.2 0.0157125
2151.4 0.0157237
2152.6 0.0172832
2153.8 0.0174872
2155 0.0142355
2156.2 0.0158477
2157.4 0.0171066
2158.6 0.0144866
2159.79 0.0166806
2160.99 0.0162043
2162.19 0.0129658
2163.38 0.0155346
2164.57 0.0159017
2165.77 0.0148154
2166.96 0.0144156
2168.15 0.0140388
2169.34 0.0115733
2170.53 0.0179664
2171.72 0.0136641
2172.91 0.0133873
2174.1 0.0124863
2175.29 0.0133857
2176.48 0.0145548
2177.66 0.0160363
2178.85 0.0140582
2180.03 0.0124307
2181.22 0.0137503
2182.4 0.0140958
2183.58 0.0144041
2184.77 0.0132932
2185.95 0.0156521
2187.13 0.0129992
2188.31 0.0145209
2189.49 0.0142264
2190.67 0.0158405
2191.84 0.0149293
2193.02 0.0165202
2194.2 0.0145538
2195.37 0.0159012
2196.55 0.0165518
2197.72 0.0171929
2198.9 0.0151883
2200.07 0.014667
2201.24 0.016538
2202.42 0.0153774
2203.59 0.0132842
2204.76 0.0142648
2205.93 0.0151736
2207.1 0.010841
2208.26 0.012618
2209.43 0.0156511
2210.6 0.0138517
2211.76 0.0137305
2212.93 0.0157348
2214.09 0.0128135
2215.26 0.0162052
2216.42 0.0160545
2217.59 0.016613
2218.75 0.0155478
2219.91 0.0170786
2221.07 0.0148743
2222.23 0.0159934
2223.39 0.0139239
2224.55 0.016086
2225.71 0.0187334
2226.86 0.0196449
2228.02 0.0126025
2229.18 0.0171404
2230.33 0.01456
2231.49 0.0157429
2232.64 0.011225
2233.79 0.0178417
2234.95 0.0121086
2236.1 0.0124545
2237.25 0.0135934
2238.4 0.0175409
2239.55 0.0139955
2240.7 0.014502
2241.85 0.0139596
2242.99 0.00991822
2244.14 0.0145221
2245.29 0.0128611
2246.43 0.014702
2247.58 0.0152956
2248.72 0.0134877
2249.87 0.0145431
2251.01 0.0152089
2252.15 0.0153654
2253.29 0.0118561
2254.43 0.0154253
2255.57 0.0128501
2256.71 0.015844
2257.85 0.0144837
2258.99 0.0168909
2260.13 0.01818
2261.27 0.0145884
2262.4 0.0157307
2263.54 0.0129124
2264.67 0.018669
2265.81 0.0150715
2266.94 0.0128072
2268.07 0.0117015
2269.21 0.0151764
2270.34 0.0131041
2271.47 0.0152444
2272.6 0.0146754
2273.73 0.0141781
2274.86 0.0172298
2275.99 0.0152014
2277.11 0.0146458
2278.24 0.0152621
2279.37 0.0162465
2280.49 0.0102761
2281.62 0.00980222
2282.74 0.0154698
2283.86 0.0173497
2284.99 0.0137629
2286.11 0.0153816
2287.23 0.0154913
2288.35 0.0147271
2289.47 0.0182304
2290.59 0.0165865
2291.71 0.0140023
2292.83 0.0139438
2293.95 0.0151623
2295.06 0.0150973
2296.18 0.0180909
2297.29 0.0165528
2298.41 0.0135399
2299.52 0.0160946
2300.64 0.0144564
2301.75 0.0158405
2302.86 0.0154411
2303.97 0.0171063
2305.08 0.0166436
2306.19 0.014158
2307.3 0.0129745
2308.41 0.0135433
2309.52 0.016184
2310.63 0.014706
2311.74 0.0147787
2312.84 0.0133851
2313.95 0.0125415
2315.05 0.0120223
2316.16 0.0170444
2317.26 0.0155403
2318.36 0.0147582
2319.46 0.0125772
2320.57 0.0150093
2321.67 0.014644
2322.77 0.0161333
2323.87 0.0150969
2324.97 0.0157529
2326.06 0.0147333
2327.16 0.0102757
2328.26 0.0170179
2329.36 0.0132049
2330.45 0.012514
2331.55 0.0114596
2332.64 0.0180946
2333.73 0.0153822
2334.83 0.0106379
2335.92 0.0146971
2337.01 0.014691
2338.1 0.0126834
2339.19 0.0148606
2340.28 0.0173926
2341.37 0.0133116
2342.46 0.0175847
2343.55 0.0111187
2344.64 0.0139492
2345.72 0.0151156
2346.81 0.0139584
2347.89 0.0163289
2348.98 0.0155175
2350.06 0.0109432
2351.15 0.0140215
2352.23 0.020847
2353.31 0.0123056
2354.39 0.011135
2355.47 0.0135043
2356.55 0.0128429
2357.63 0.014183
2358.71 0.013118
2359.79 0.0165758
2360.86 0.013024
2361.94 0.0161577
2363.02 0.0159669
2364.09 0.0113307
2365.17 0.0147432
2366.24 0.0137133
2367.32 0.0159518
2368.39 0.0125428
2369.46 0.0153433
2370.53 0.0142578
2371.6 0.0156183
2372.67 0.015957
2373.74 0.0142759
2374.81 0.0175247
2375.88 0.0113057
2376.95 0.014776
2378.02 0.013745
2379.08 0.0173648
2380.15 0.0126871
2381.21 0.0155897
2382.28 0.0144092
2383.34 0.0158535
2384.4 0.0131039
2385.47 0.0127288
2386.53 0.0104065
2387.59 0.0136378
2388.65 0.0123279
2389.71 0.0149461
2390.77 0.0147809
2391.83 0.0130857
2392.89 0.0138283
2393.94 0.0147468
2395 0.0139641
2396.06 0.0131563
2397.11 0.0132053
2398.17 0.020477
2399.22 0.0149747
2400.27 0.0123893
2401.33 0.014241
2402.38 0.0139706
2403.43 0.012732
2404.48 0.0115781
2405.53 0.017607
2406.58 0.014581
2407.63 0.0128385
2408.68 0.0155927
2409.73 0.0164707
2410.77 0.0182013
2411.82 0.00975617
2412.87 0.0174499
2413.91 0.0126828
2414.96 0.0112658
2416 0.015817
2417.04 0.0196666
2418.09 0.013633
2419.13 0.0176118
2420.17 0.0150767
2421.21 0.0120891
2422.25 0.0134676
2423.29 0.016818
2424.33 0.0162261
2425.37 0.0134506
2426.41 0.00895682
2427.44 0.0157866
2428.48 0.0132119
2429.51 0.0143091
2430.55 0.0138205
2431.58 0.0171575
2432.62 0.0163203
2433.65 0.015322
2434.68 0.0123646
2435.71 0.0136977
2436.75 0.0121555
2437.78 0.0118118
2438.81 0.0221082
2439.84 0.0127812
2440.86 0.0133994
2441.89 0.014943
2442.92 0.0170401
2443.95 0.0161715
2444.97 0.0159733
2446 0.0155465
2447.02 0.0151446
2448.05 0.0120725
2449.07 0.0148474
2450.09 0.0169107
2451.12 0.0107829
2452.14 0.0149977
2453.16 0.0121545
2454.18 0.0129338
2455.2 0.0157054
2456.22 0.0142204
2457.24 0.0155891
2458.26 0.0148131
2459.27 0.0133885
2460.29 0.0152318
2461.31 0.0153557
2462.32 0.013153
2463.34 0.0171478
2464.35 0.0131419
2465.36 0.0166375
2466.38 0.0112332
2467.39 0.0199919
2468.4 0.0165925
2469.41 0.0100595
2470.42 0.0138004
2471.43 0.0108993
2472.44 0.0171203
2473.45 0.0144539
2474.46 0.0164734
2475.47 0.0144454
2476.47 0.0149022
2477.48 0.0111597
2478.48 0.0134023
2479.49 0.0110509
2480.49 0.0158849
2481.5 0.0148911
2482.5 0.0134662
2483.5 0.00824621
2484.5 0.0175911
2485.5 0.0151515
2486.5 0.0160227
2487.5 0.00799442
2488.5 0.0143113
2489.5 0.0135551
2490.5 0.0121695
2491.5 0.0102909
2492.49 0.012264
2493.49 0.0195514
2494.48 0.0122744
2495.48 0.0161827
2496.47 0.0103175
2497.47 0.0184448
2498.46 0.0169307
2499.45 0.013753
2500.44 0.0106346
2501.44 0.010289
2502.43 0.0125152
2503.42 0.00986652
2504.4 0.020164
2505.39 0.0166178
2506.38 0.0120401
2507.37 0.0106202
2508.36 0.0156792
2509.34 0.0157064
2510.33 0.0119707
2511.31 0.0121954
2512.3 0.0133355
2513.28 0.0143193
2514.26 0.0165261
2515.25 0.0124982
2516.23 0.0155401
2517.21 0.00969932
2518.19 0.00997443
2519.17 0.0147769
2520.15 0.0114004
2521.13 0.0142635
2522.1 0.0129289
2523.08 0.0167419
2524.06 0.014608
2525.03 0.00881799
2526.01 0.0157933
2526.98 0.0123081
2527.96 0.0185704
2528.93 0.0127234
2529.91 0.0117835
2530.88 0.0121252
2531.85 0.0104961
2532.82 0.0126451
2533.79 0.0111802
2534.76 0.0105147
2535.73 0.0158905
2536.7 0.0155965
2537.67 0.0167164
2538.64 0.0167927
2539.6 0.0162797
2540.57 0.0117267
2541.53 0.0115672
2542.5 0.0196272
2543.46 0.0129366
2544.43 0.0103393
2545.39 0.0118677
2546.35 0.0113048
2547.32 0.0156671
2548.28 0.0118103
2549.24 0.0209635
2550.2 0.0164689
2551.16 0.0127624
2552.12 0.0126107
2553.07 0.00924434
2554.03 0.0113656
2554.99 0.0142651
2555.95 0.0155942
2556.9 0.0155341
2557.86 0.0117466
2558.81 0.0113882
2559.77 0.0155146
2560.72 0.0116661
2561.67 0.0153376
2562.62 0.0131133
2563.57 0.0122691
2564.53 0.0177803
2565.48 0.0118209
2566.43 0.0143872
2567.37 0.0182194
2568.32 0.0136998
2569.27 0.0152641
2570.22 0.0203522
2571.17 0.013796
2572.11 0.0112573
2573.06 0.0159707
2574 0.013515
2574.95 0.0106268
2575.89 0.0124586
2576.83 0.0123749
2577.77 0.0163159
2578.72 0.0154554
2579.66 0.0136126
2580.6 0.015547
2581.54 0.0140642
2582.48 0.0106663
2583.42 0.0119415
2584.35 0.0159778
2585.29 0.00657358
2586.23 0.0178812
2587.16 0.0187422
2588.1 0.0116473
2589.03 0.0128845
2589.97 0.0180147
2590.9 0.0160316
2591.83 0.0143764
2592.77 0.0188009
2593.7 0.00651298
2594.63 0.00948863
2595.56 0.0133582
2596.49 0.00970041
2597.42 0.0118194
2598.35 0.0120925
2599.28 0.0123918
2600.21 0.0142779
2601.13 0.0148639
2602.06 0.0148092
2602.99 0.0108249
2603.91 0.0105725
2604.83 0.0102525
2605.76 0.0155795
2606.68 0.0168519
2607.6 0.0145298
2608.53 0.0159372
2609.45 0.0146892
2610.37 0.0137608
2611.29 0.0217631
2612.21 0.0145724
2613.13 0.0153272
2614.05 0.0100498
2614.97 0.0147742
2615.88 0.0143902
2616.8 0.0119488
2617.72 0.0143228
2618.63 0.0177238
2619.55 0.020712
2620.46 0.0202267
2621.37 0.0149632
2622.29 0.015555
2623.2 0.0232697
2624.11 0.0143106
2625.02 0.0286976
2625.93 0.0171628
2626.84 0.00792298
2627.75 0.01948
2628.66 0.0168341
2629.57 0.0142229
2630.48 0.0196239
2631.38 0.017229
2632.29 0.0105364
2633.19 0.0148498
2634.1 0.0218318
2635 0.0133535
2635.91 0.0175339
2636.81 0.0124342
2637.71 0.0194531
2638.62 0.0119269
2639.52 0.0164181
2640.42 0.0155612
2641.32 0.0129611
2642.22 0.0146196
2643.12 0.0130668
2644.02 0.00984951
2644.91 0.0103876
2645.81 0.0142862
2646.71 0.0129341
2647.6 0.00982528
2648.5 0.0137477
2649.39 0.0157634
2650.29 0.0122471
2651.18 0.0113545
2652.07 0.00909941
2652.97 0.0176286
2653.86 0.0160493
2654.75 0.0166374
2655.64 0.0112313
2656.53 0.0125755
2657.42 0.00525173
2658.31 0.0116008
2659.2 0.0122548
2660.08 0.0124476
2660.97 0.0224328
2661.86 0.0162615
2662.74 0.0137413
2663.63 0.0172935
2664.51 0.00828762
2665.4 0.00980117
2666.28 0.0125756
2667.16 0.0100506
2668.04 0.0127893
2668.93 0.0189039
2669.81 0.0131306
2670.69 0.0156593
2671.57 0.00946879
2672.45 0.0107371
2673.32 0.0130277
2674.2 0.00601101
2675.08 0.0162526
2675.96 0.0163668
2676.83 0.0154589
2677.71 0.0106059
2678.58 0.0138604
2679.46 0.0142123
2680.33 0.0188411
2681.2 0.018652
2682.07 0.0162365
2682.95 0.0123691
2683.82 0.0113111
2684.69 0.011561
2685.56 0.0152475
2686.43 0.0125725
2687.3 0.0140242
2688.16 0.0223598
2689.03 0.0192693
2689.9 0.013864
2690.76 0.0095969
2691.63 0.0123515
2692.49 0.00245073
2693.36 0.0117125
2694.22 0.0168891
2695.09 0.0172096
2695.95 0.0126401
2696.81 0.0156147
2697.67 0.0120707
2698.53 0.0145495
2699.39 0.00895997
2700.25 0.0126803
2701.11 0.0140331
2701.97 0.0185778
2702.83 0.0143169
2703.69 0.00839925
2704.54 0.0206593
2705.4 0.0206642
2706.25 0.0172368
2707.11 0.0217431
2707.96 0.0144595
2708.82 0.00775659
2709.67 0.0168536
2710.52 0.0210614
2711.37 0.00998447
2712.22 0.0154602
2713.08 0.0171153
2713.92 0.0105959
2714.77 0.0089596
2715.62 0.0133361
2716.47 0.0122653
2717.32 0.0213165
2718.17 0.0115668
2719.01 0.00574253
2719.86 0.0152391
2720.7 0.00613008
2721.55 0.0155504
2722.39 0.0168685
2723.23 0.00751721
2724.08 0.0127182
2724.92 0.0171228
2725.76 0.00965663
2726.6 0.0151356
2727.44 0.0233832
2728.28 0.0178015
2729.12 0.0197241
2729.96 0.00760856
2730.8 0.0152472
2731.63 0.0119529
2732.47 0.0139641
2733.31 0.0164222
2734.14 0.0101439
2734.98 0.0220138
2735.81 0.01121
2736.64 0.0135243
2737.48 0.022645
2738.31 0.0119588
2739.14 0.0164901
2739.97 0.0148818
2740.8 0.0107882
2741.63 0.0107098
2742.46 0.0131997
2743.29 0.00851624
2744.12 0.0215381
2744.95 0.0133373
2745.77 0.0107052
2746.6 0.0168563
2747.43 0.0172026
2748.25 0.0108603
2749.08 0.00621249
2749.9 0.0222103
2750.72 0.0203742
2751.55 0.0106016
2752.37 0.00709109
2753.19 0.0126993
2754.01 0.0206913
2754.83 0.0141606
2755.65 0.0234966
2756.47 0.0166607
2757.29 0.0220668
2758.1 0.0117317
2758.92 0.027467
2759.74 0.0121351
2760.55 0.0146562
2761.37 0.020615
2762.18 0.0190653
2763 0.00641569
2763.81 0.0233389
2764.63 0.015796
2765.44 0.0171292
2766.25 0.0202855
2767.06 0.0085325
2767.87 0.0181574
2768.68 0.00881333
2769.49 0.0111498
2770.3 0.0157058
2771.11 0.0227925
2771.91 0.00933596
2772.72 0.0235838
2773.53 0.0120936
2774.33 0.010224
2775.14 0.0178652
2775.94 0.00640328
2776.75 0.0121295
2777.55 0.0113817
2778.35 0.00748984
2779.15 0.012076
2779.96 0.0172077
2780.76 0.0138211
2781.56 0.0145006
2782.36 0.016944
2783.16 0.0206896
2783.95 0.0240801
2784.75 0.00783696
2785.55 0.00806784
2786.35 0.0102045
2787.14 0.0209673
2787.94 0.0133736
2788.73 0.0118718
2789.53 0.00912597
2790.32 0.00536448
2791.11 0.0214304
2791.9 0.00610063
2792.7 0.00697195
2793.49 0.00894851
2794.28 0.0190415
2795.07 0.00705341
2795.86 0.025732
2796.64 0.0104509
2797.43 0.0066785
2798.22 0.0146645
2799.01 0.0135504
2799.79 0.0056256
2800.58 0.0111321
2801.36 0.0227893
2802.15 0.0178302
2802.93 0.0171584
2803.71 0.00686193
2804.5 0.0144697
2805.28 0.0185292
2806.06 0.00988685
2806.84 0.0025341
2807.62 0.0194996
2808.4 -0.00163342
2809.18 0.017701
2809.96 0.0221022
2810.74 0.0119749
2811.51 0.0236513
2812.29 0.00495434
2813.06 0.0161562
2813.84 0.030723
2814.61 0.00645151
2815.39 0.00669375
2816.16 0.00911031
2816.93 0.0117389
2817.71 0.014047
2818.48 0.0267212
2819.25 0.0165478
2820.02 0.0191951
2820.79 0.0161341
2821.56 0.0174703
2822.33 0.0127652
2823.09 0.0176946
2823.86 0.0402041
2824.63 0.00890604
2825.39 0.0226096
2826.16 0.0156829
2826.92 0.00996465
2827.69 0.0188734
2828.45 0.0107452
2829.21 0.0210822
2829.98 0.0131208
2830.74 0.00421186
2831.5 0.0169295
2832.26 0.0246274
2833.02 0.0135045
2833.78 0.00276
2834.54 0.0151832
2835.3 0.0120273
2836.05 0.0184733
2836.81 0.01174
2837.57 0.0165356
2838.32 0.0135907
2839.08 0.00900135
2839.83 0.0090045
2840.58 0.0164269
2841.34 0.0188599
2842.09 0.00504938
2842.84 0.00725744
2843.59 0.0150836
2844.34 0.0249121
2845.09 0.0120692
2845.84 0.0150529
2846.59 0.00938331
2847.34 0.0134494
2848.09 0.0199951
2848.84 0.0211187
2849.58 0.0131285
2850.33 0.0238896
2851.07 0.000762649
2851.82 0.0157086
2852.56 0.0213183
2853.3 0.0101735
2854.05 0.0127178
2854.79 0.0268433
2855.53 0.000255305
2856.27 0.0254355
2857.01 -0.0030474
2857.75 0.0124566
2858.49 0.0224363
2859.23 0.0236172
2859.97 0.0247187
2860.7 0.0256023
2861.44 0.0159131
2862.17 0.00956723
2862.91 0.0204871
2863.64 0.0305713
2864.38 0.00390445
2865.11 0.0105143
2865.84 0.0173392
2866.58 0.00791734
2867.31 0.0167595
2868.04 0.0166059
2868.77 0.0103497
2869.5 0.00664265
2870.23 0.0103723
2870.96 0.0289267
2871.68 0.0105192
2872.41 0.0100223
2873.14 -0.0072791
2873.86 -0.0070295
2874.59 -0.0346637
2875.31 -0.029237
2876.04 -0.0473043
2876.76 -0.0675445
2877.48 -0.0591669
2878.21 -0.0579989
2878.93 -0.0486642
2879.65 -0.0563464
2880.37 -0.0483425
2881.09 -0.0484891
2881.81 -0.0202918
2882.53 -0.00396003
2883.24 -0.00453655
2883.96 0.00141905
2884.68 0.00572977
2885.39 0.00574313
2886.11 0.013859
2886.82 0.0194205
2887.54 0.0254975
2888.25 0.00262904
2888.96 0.00704898
2889.68 0.0141982
2890.39 0.0171956
2891.1 0.0254467
2891.81 0.00780319
2892.52 0.0219373
2893.23 0.00848938
2893.94 0.0136883
2894.64 0.0326907
2895.35 0.0221522
2896.06 0.0257958
2896.76 0.0328253
2897.47 0.0293721
2898.17 0.00251948
2898.88 0.0173873
2899.58 0.0275178
2900.28 0.0274937
2900.99 0.0151238
2901.69 0.0190256
2902.39 0.0200114
2903.09 0.010704
2903.79 0.0200434
2904.49 0.00492234
2905.18 0.00332074
spectrumdark 2048
-91.32 2146
-88.722 2135
-86.1256 1995
-83.5311 2088
-80.9381 1925
-78.347 1916
-75.7575 1973
-73.1696 1974
-70.5836 1957
-67.9992 1934
-65.4165 1936
-62.8355 1967
-60.2563 1960
-57.6786 2003
-55.1027 1945
-52.5285 2012
-49.956 1927
-47.3853 1969
-44.8161 2051
-42.2487 1943
-39.6829 1973
-37.1188 1974
-34.5565 1923
-31.9957 1946
-29.4367 1967
-26.8793 1942
-24.3238 1921
-21.7698 1975
-19.2174 1977
-16.6668 1983
-14.1178 1992
-11.5706 1999
-9.02499 1982
-6.48114 1998
-3.93886 1914
-1.3982 1969
1.14063 1966
3.67798 1937
6.21348 1965
8.74742 2032
11.2797 1990
13.8103 1957
16.3393 2006
18.8665 1986
21.3921 1977
23.9161 1936
26.4384 1971
28.9591 1989
31.4781 1929
33.9954 2047
36.5111 2036
39.0252 2011
41.5375 1979
44.0483 1962
46.5574 1975
49.0649 1980
51.5707 1982
54.0748 1998
56.5774 1961
59.0783 1979
61.5775 2032
64.0751 1948
66.5711 1937
69.0655 1990
71.5582 1987
74.0492 2020
76.5386 1960
79.0265 1990
81.5126 1909
83.9972 2046
86.4801 2017
88.9614 1961
91.4411 1944
93.9191 1975
96.3956 1981
98.8703 2031
101.344 2027
103.815 2005
106.285 1970
108.754 1963
111.22 1958
113.685 1963
116.149 2002
118.611 1980
121.071 2047
123.53 2009
125.987 2043
128.442 2109
130.896 2200
133.348 2347
135.799 2418
138.248 2579
140.695 2810
143.141 2932
145.585 3070
148.028 3148
150.469 3222
152.908 3165
155.346 3364
157.783 3380
160.217 3357
162.65 3348
165.082 3362
167.512 3248
169.94 3344
172.367 3379
174.792 3300
177.215 3357
179.637 3396
182.058 3400
184.476 3787
186.894 3868
189.309 3926
191.723 4204
194.136 4224
196.547 4355
198.956 4604
201.364 4741
203.77 4704
206.175 4693
208.578 4666
210.979 4737
213.379 4687
215.778 4697
218.174 4770
220.57 4657
222.963 4806
225.355 4703
227.746 4806
230.135 4793
232.522 4699
234.908 4701
237.292 4555
239.675 4556
242.056 4554
244.436 4635
246.814 4687
249.191 4639
251.566 4712
253.939 4588
256.311 4595
258.682 4595
261.051 4726
263.418 4808
265.784 4789
268.148 4827
270.51 4746
272.872 4653
275.231 4601
277.589 4539
279.946 4539
282.301 4540
284.654 4547
287.006 4578
289.357 4594
291.705 4619
294.053 4636
296.399 4602
298.743 4664
301.086 4809
303.427 4646
305.767 4668
308.105 4693
310.442 4561
312.777 4939
315.11 4609
317.442 4685
319.773 4730
322.102 4678
324.43 4779
326.756 4882
329.08 5071
331.404 5365
333.725 5516
336.045 5467
338.364 5041
340.681 4755
342.996 4735
345.31 4788
347.623 4722
349.934 4691
352.243 4699
354.551 4999
356.858 4760
359.163 4649
361.466 4766
363.768 4659
366.069 4675
368.368 4644
370.666 4547
372.962 4609
375.256 4578
377.549 4634
379.841 4704
382.131 4578
384.42 4603
386.707 4516
388.992 4580
391.277 4576
393.559 4640
395.841 5002
398.12 6152
400.399 7296
402.676 7389
404.951 7169
407.225 6052
409.497 6625
411.768 11017
414.038 14379
416.305 14747
418.572 12688
420.837 7967
423.101 5619
425.363 4743
427.623 4471
429.883 4405
432.14 4422
434.397 4430
436.651 4430
438.905 4359
441.157 4278
443.407 4101
445.656 3992
447.904 4013
450.15 4110
452.394 4173
454.637 4122
456.879 4009
459.119 3947
461.358 3896
463.596 3994
465.832 3933
468.066 3794
470.299 3862
472.531 3809
474.761 3873
476.99 3890
479.217 3965
481.443 3877
483.667 3982
485.89 3923
488.112 3712
490.332 3563
492.551 3602
494.768 3744
496.984 3754
499.198 3788
501.411 3863
503.622 3964
505.833 4125
508.041 4121
510.249 3785
512.454 3643
514.659 3581
516.862 3730
519.063 3790
521.264 3935
523.462 4159
525.66 4267
527.856 5033
530.05 5589
532.243 5586
534.435 5363
536.625 4479
538.814 3995
541.001 3819
543.187 3804
545.372 3743
547.555 3902
549.737 4175
551.917 4354
554.097 4437
556.274 4331
558.45 4277
560.625 4211
562.799 4141
564.971 4135
567.141 4135
569.31 4119
571.478 4098
573.645 4066
575.81 4123
577.973 4002
580.136 3878
582.297 3805
584.456 3516
586.614 3239
588.771 3145
590.926 3164
593.08 3315
595.233 3545
597.384 3771
599.534 3895
601.682 3912
603.829 4071
605.975 4006
608.119 3994
610.262 4007
612.404 4024
614.544 4118
616.683 4337
618.82 4236
620.956 4382
623.091 4165
625.224 4133
627.356 4035
629.487 4101
631.616 3952
633.744 4246
635.87 5223
637.995 5867
640.119 6150
642.241 5973
644.362 4992
646.482 4438
648.601 4167
650.718 4084
652.833 4010
654.947 3776
657.06 3780
659.172 3803
661.282 3957
663.391 4244
665.498 4360
667.605 4468
669.709 4338
671.813 4131
673.915 3937
676.016 3828
678.115 3905
680.213 3833
682.31 3898
684.406 4198
686.5 5528
688.592 6874
690.684 7254
692.774 6953
694.863 5536
696.95 4241
699.036 3872
701.121 3872
703.204 3890
705.286 4041
707.367 4235
709.447 3973
711.525 3985
713.601 3917
715.677 3890
717.751 3890
719.824 3858
721.895 3795
723.965 3782
726.034 3956
728.102 4040
730.168 3996
732.233 4038
734.296 4045
736.359 3957
738.42 3817
740.479 3900
742.538 4332
744.595 3939
746.65 3927
748.705 3866
750.758 3900
752.81 3892
754.86 4303
756.909 3974
758.957 4072
761.003 4017
763.049 4032
765.093 4058
767.135 4128
769.177 4065
771.217 4067
773.255 4028
775.293 4260
777.329 4000
779.364 4075
781.398 4071
783.43 4073
785.461 3993
787.491 4065
789.519 4103
791.546 4086
793.572 4110
795.596 4099
797.62 4138
799.642 4015
801.662 4012
803.682 3949
805.7 4171
807.717 4125
809.732 4230
811.747 4085
813.76 4102
815.771 3999
817.782 3934
819.791 4092
821.799 3979
823.806 4121
825.811 4151
827.815 4144
829.818 4109
831.82 4019
833.82 4062
835.819 4039
837.817 4165
839.813 4134
841.808 4122
843.802 4176
845.795 4566
847.786 4235
849.777 4252
851.766 4353
853.753 4253
855.74 4108
857.725 4051
859.709 4044
861.691 4018
863.673 4078
865.653 4172
867.632 4291
869.609 4397
871.586 4440
873.561 4377
875.535 4237
877.507 4143
879.479 4103
881.449 4045
883.418 4018
885.386 4099
887.352 4443
889.317 3971
891.281 3986
893.244 3984
895.205 4030
897.165 4074
899.124 4023
901.082 4032
903.039 4000
904.994 4056
906.948 4088
908.901 4055
910.852 3981
912.803 4057
914.752 4024
916.7 4085
918.646 3963
920.592 4231
922.536 3931
924.479 3981
926.421 3995
928.361 3999
930.301 3975
932.239 3950
934.176 4023
936.111 3919
938.046 4082
939.979 4022
941.911 4048
943.842 3943
945.771 4003
947.7 3976
949.627 4396
951.553 3984
953.477 3959
955.401 4035
957.323 3976
959.244 4001
961.164 3973
963.083 4035
965 3947
966.917 4021
968.832 3835
970.746 3815
972.658 3659
974.57 3627
976.48 3803
978.389 3855
980.297 3930
982.204 3947
984.109 4095
986.013 4467
987.916 4722
989.818 4740
991.719 4523
993.618 4090
995.517 3839
997.414 3900
999.31 3861
1001.21 3939
1003.1 3928
1004.99 4054
1006.88 3993
1008.77 3986
1010.66 3898
1012.55 3897
1014.44 3920
1016.32 3970
1018.21 3837
1020.09 3832
1021.97 3922
1023.85 3773
1025.73 3740
1027.61 3695
1029.49 3561
1031.36 3424
1033.24 3287
1035.11 3320
1036.98 3399
1038.85 3479
1040.72 3517
1042.59 3767
1044.46 3672
1046.33 3955
1048.19 3743
1050.06 3799
1051.92 3698
1053.78 3753
1055.64 3686
1057.5 3791
1059.36 3807
1061.22 3749
1063.07 3862
1064.93 3809
1066.78 3938
1068.63 3771
1070.49 3827
1072.34 3757
1074.19 3819
1076.03 3805
1077.88 3798
1079.73 3735
1081.57 3886
1083.41 3970
1085.26 3795
1087.1 3744
1088.94 3714
1090.78 3756
1092.61 3856
1094.45 3746
1096.28 3788
1098.12 3853
1099.95 3760
1101.78 3821
1103.61 3713
1105.44 3812
1107.27 3747
1109.1 3724
1110.93 3722
1112.75 3734
1114.57 3764
1116.4 3874
1118.22 3748
1120.04 3788
1121.86 3952
1123.68 3797
1125.49 3736
1127.31 3713
1129.13 3768
1130.94 3804
1132.75 3722
1134.56 3789
1136.37 3807
1138.18 3697
1139.99 3776
1141.8 3788
1143.6 3847
1145.41 3799
1147.21 3738
1149.01 3769
1150.82 3760
1152.62 3974
1154.42 3774
1156.21 3805
1158.01 3751
1159.81 3669
1161.6 3796
1163.39 3668
1165.19 3734
1166.98 3771
1168.77 3678
1170.56 3753
1172.35 3661
1174.13 3709
1175.92 3734
1177.7 3640
1179.49 3683
1181.27 3686
1183.05 3662
1184.83 3644
1186.61 3625
1188.39 3614
1190.17 3536
1191.94 3512
1193.72 3344
1195.49 3363
1197.26 3197
1199.03 3305
1200.8 3509
1202.57 3565
1204.34 3547
1206.11 3610
1207.88 3622
1209.64 3634
1211.4 3622
1213.17 3979
1214.93 3688
1216.69 3680
1218.45 3677
1220.21 3577
1221.97 3591
1223.72 3677
1225.48 3632
1227.23 3574
1228.98 3598
1230.74 3578
1232.49 3619
1234.24 3533
1235.98 3637
1237.73 3624
1239.48 3585
1241.22 3559
1242.97 3586
1244.71 3631
1246.45 3565
1248.2 3670
1249.94 3686
1251.68 3564
1253.41 3623
1255.15 3587
1256.89 3584
1258.62 3580
1260.35 3532
1262.09 3578
1263.82 3538
1265.55 3560
1267.28 3616
1269.01 3453
1270.73 3565
1272.46 3589
1274.19 3564
1275.91 3485
1277.63 3559
1279.35 3522
1281.08 3530
1282.8 3481
1284.51 3466
1286.23 3503
1287.95 3521
1289.66 3588
1291.38 3538
1293.09 3548
1294.81 3523
1296.52 3466
1298.23 3536
1299.94 3472
1301.64 3437
1303.35 3551
1305.06 3601
1306.76 3544
1308.47 3496
1310.17 3558
1311.87 3494
1313.57 3502
1315.27 3464
1316.97 3417
1318.67 3544
1320.37 3528
1322.06 3444
1323.76 3477
1325.45 3510
1327.14 3453
1328.84 3521
1330.53 3524
1332.22 3598
1333.91 3496
1335.59 3543
1337.28 3474
1338.96 3597
1340.65 3588
1342.33 3861
1344.01 5287
1345.7 6408
1347.38 6755
1349.06 6680
1350.73 5603
1352.41 4354
1354.09 3881
1355.76 3610
1357.44 3533
1359.11 3623
1360.78 3633
1362.45 3434
1364.12 3460
1365.79 3439
1367.46 3383
1369.13 3370
1370.79 3477
1372.46 3448
1374.12 3411
1375.79 3450
1377.45 3376
1379.11 3466
1380.77 3396
1382.43 3419
1384.08 3332
1385.74 3284
1387.4 3280
1389.05 3324
1390.71 3343
1392.36 3396
1394.01 3437
1395.66 3413
1397.31 3437
1398.96 3411
1400.61 3445
1402.26 3367
1403.9 3366
1405.55 3326
1407.19 3271
1408.83 3438
1410.47 3343
1412.12 3425
1413.76 3357
1415.39 3423
1417.03 3400
1418.67 3362
1420.3 3358
1421.94 3451
1423.57 3434
1425.21 3317
1426.84 3332
1428.47 3393
1430.1 3350
1431.73 3336
1433.36 3338
1434.98 3324
1436.61 3402
1438.23 3368
1439.86 3348
1441.48 3400
1443.1 3328
1444.72 3341
1446.34 3381
1447.96 3240
1449.58 3280
1451.2 3289
1452.81 3322
1454.43 3286
1456.04 3249
1457.66 3217
1459.27 3267
1460.88 3320
1462.49 3253
1464.1 3254
1465.71 3214
1467.32 3274
1468.92 3276
1470.53 3291
1472.13 3269
1473.74 3273
1475.34 3292
1476.94 3256
1478.54 3250
1480.14 3183
1481.74 3239
1483.34 3289
1484.93 3369
1486.53 3245
1488.12 3382
1489.72 3310
1491.31 3347
1492.9 3267
1494.49 3303
1496.08 3225
1497.67 3217
1499.26 3235
1500.85 3202
1502.43 3263
1504.02 3478
1505.6 3159
1507.18 3306
1508.77 3289
1510.35 3195
1511.93 3176
1513.51 3275
1515.09 3196
1516.66 3231
1518.24 3194
1519.82 3240
1521.39 3167
1522.96 3128
1524.54 3118
1526.11 3121
1527.68 3125
1529.25 3071
1530.82 3113
1532.39 3233
1533.95 3143
1535.52 3219
1537.09 3899
1538.65 4803
1540.21 5358
1541.78 5367
1543.34 5118
1544.9 4190
1546.46 3578
1548.02 3244
1549.57 3150
1551.13 3077
1552.69 3156
1554.24 3045
1555.79 2977
1557.35 2941
1558.9 2914
1560.45 2957
1562 2986
1563.55 2955
1565.1 2915
1566.65 2936
1568.19 2915
1569.74 2909
1571.28 2774
1572.83 2843
1574.37 2829
1575.91 2862
1577.45 2915
1578.99 2888
1580.53 2910
1582.07 2774
1583.61 2733
1585.14 2643
1586.68 2733
1588.21 2804
1589.75 2841
1591.28 2842
1592.81 2746
1594.34 2735
1595.87 2688
1597.4 2623
1598.93 2813
1600.46 2785
1601.98 2795
1603.51 2789
1605.03 2786
1606.55 2839
1608.08 2831
1609.6 2831
1611.12 2663
1612.64 2701
1614.16 2586
1615.68 2447
1617.19 2442
1618.71 2443
1620.22 2538
1621.74 2644
1623.25 2783
1624.77 2848
1626.28 2835
1627.79 2813
1629.3 2769
1630.81 2650
1632.31 2657
1633.82 2690
1635.33 2658
1636.83 2647
1638.34 2592
1639.84 2910
1641.34 2605
1642.85 2665
1644.35 2754
1645.85 2757
1647.35 2681
1648.84 2634
1650.34 2667
1651.84 2700
1653.33 2722
1654.83 2710
1656.32 2732
1657.81 2635
1659.31 2681
1660.8 2704
1662.29 2588
1663.78 2773
1665.27 2778
1666.75 2662
1668.24 2824
1669.72 2708
1671.21 2791
1672.69 2865
1674.18 2844
1675.66 2928
1677.14 2864
1678.62 2846
1680.1 2802
1681.58 2917
1683.06 2780
1684.53 2836
1686.01 2892
1687.48 2824
1688.96 2883
1690.43 2897
1691.9 2789
1693.38 2804
1694.85 2729
1696.32 2835
1697.79 2839
1699.25 2930
1700.72 2833
1702.19 2786
1703.65 2719
1705.12 2666
1706.58 2661
1708.04 2655
1709.51 2716
1710.97 2758
1712.43 2788
1713.89 2603
1715.35 2583
1716.8 2541
1718.26 2525
1719.72 2552
1721.17 2642
1722.63 2710
1724.08 2659
1725.53 2618
1726.98 2552
1728.43 2489
1729.88 2573
1731.33 2642
1732.78 2581
1734.23 2669
1735.68 2611
1737.12 2499
1738.57 2600
1740.01 2535
1741.45 2578
1742.89 2570
1744.34 2559
1745.78 2629
1747.22 2611
1748.65 2636
1750.09 2489
1751.53 2527
1752.97 2702
1754.4 2551
1755.84 2600
1757.27 2531
1758.7 2566
1760.13 2524
1761.57 2502
1763 2577
1764.43 2710
1765.85 2624
1767.28 2724
1768.71 2720
1770.13 2686
1771.56 2576
1772.98 2520
1774.41 2509
1775.83 2632
1777.25 2797
1778.67 2736
1780.09 2876
1781.51 2803
1782.93 2660
1784.35 2651
1785.77 2533
1787.18 2432
1788.6 2554
1790.01 2477
1791.42 2415
1792.84 2386
1794.25 2436
1795.66 2332
1797.07 2519
1798.48 2582
1799.89 2545
1801.3 2608
1802.7 2629
1804.11 2638
1805.51 2665
1806.92 2598
1808.32 2701
1809.72 2627
1811.13 2625
1812.53 2483
1813.93 2468
1815.33 2426
1816.72 2367
1818.12 2431
1819.52 2478
1820.91 2489
1822.31 2584
1823.7 2559
1825.1 2539
1826.49 2540
1827.88 2634
1829.27 2648
1830.66 2667
1832.05 2642
1833.44 2601
1834.83 2517
1836.22 2589
1837.6 2483
1838.99 2460
1840.37 2411
1841.76 2398
1843.14 2398
1844.52 2463
1845.9 2480
1847.28 2526
1848.66 2540
1850.04 2537
1851.42 2574
1852.8 2556
1854.17 2500
1855.55 2548
1856.92 2583
1858.3 2564
1859.67 2644
1861.04 2636
1862.41 2613
1863.78 2551
1865.15 2520
1866.52 2632
1867.89 2533
1869.26 2590
1870.63 2594
1871.99 2573
1873.36 2637
1874.72 2730
1876.09 2692
1877.45 2652
1878.81 2722
1880.17 2583
1881.53 2593
1882.89 2581
1884.25 2537
1885.61 2532
1886.96 2502
1888.32 2610
1889.68 2535
1891.03 2566
1892.38 2565
1893.74 2652
1895.09 2625
1896.44 2611
1897.79 2588
1899.14 2614
1900.49 2612
1901.84 2598
1903.19 2699
1904.53 2549
1905.88 2532
1907.22 2541
1908.57 2576
1909.91 2523
1911.26 2506
1912.6 2537
1913.94 2539
1915.28 2428
1916.62 2547
1917.96 2557
1919.3 2491
1920.63 2570
1921.97 2504
1923.31 2503
1924.64 2531
1925.97 2570
1927.31 2584
1928.64 2533
1929.97 2554
1931.3 2535
1932.63 2540
1933.96 2573
1935.29 2602
1936.62 2500
1937.95 2631
1939.27 2521
1940.6 2470
1941.92 2476
1943.25 2485
1944.57 2483
1945.89 2602
1947.21 2505
1948.53 2560
1949.85 2582
1951.17 2591
1952.49 2632
1953.81 2559
1955.13 2504
1956.44 2492
1957.76 2471
1959.07 2449
1960.39 2395
1961.7 2349
1963.01 2420
1964.32 2423
1965.64 2374
1966.95 2362
1968.26 2394
1969.56 2401
1970.87 2310
1972.18 2292
1973.48 2280
1974.79 2329
1976.09 2318
1977.4 2340
1978.7 2344
1980 2324
1981.31 2355
1982.61 2245
1983.91 2292
1985.21 2304
1986.5 2225
1987.8 2247
1989.1 2311
1990.4 2217
1991.69 2281
1992.99 2319
1994.28 2199
1995.57 2242
1996.87 2175
1998.16 2250
1999.45 2223
2000.74 2262
2002.03 2232
2003.32 2286
2004.61 2169
2005.89 2159
2007.18 2160
2008.46 2096
2009.75 2120
2011.03 2111
2012.32 2203
2013.6 2120
2014.88 2121
2016.16 2268
2017.44 2107
2018.72 2139
2020 2156
2021.28 2079
2022.56 2205
2023.83 2158
2025.11 2163
2026.39 2069
2027.66 2115
2028.93 2123
2030.21 2036
2031.48 2027
2032.75 2062
2034.02 2215
2035.29 2054
2036.56 2068
2037.83 2083
2039.1 2093
2040.36 2055
2041.63 2132
2042.89 2229
2044.16 2147
2045.42 2159
2046.69 2219
2047.95 2188
2049.21 2079
2050.47 2107
2051.73 2099
2052.99 2091
2054.25 2097
2055.51 2122
2056.77 2163
2058.02 2111
2059.28 2122
2060.53 2159
2061.79 2148
2063.04 2150
2064.3 2130
2065.55 2112
2066.8 2135
2068.05 2073
2069.3 2080
2070.55 2029
2071.8 2129
2073.05 2079
2074.29 2095
2075.54 2129
2076.78 2079
2078.03 2039
2079.27 2094
2080.52 2107
2081.76 2039
2083 2086
2084.24 2095
2085.48 2145
2086.72 2127
2087.96 2143
2089.2 2181
2090.44 2190
2091.67 2239
2092.91 2354
2094.15 2255
2095.38 2306
2096.62 2261
2097.85 2303
2099.08 2228
2100.31 2258
2101.54 2229
2102.77 2250
2104 2202
2105.23 2157
2106.46 2156
2107.69 2154
2108.92 2177
2110.14 2185
2111.37 2130
2112.59 2149
2113.82 2156
2115.04 2170
2116.26 2459
2117.48 2172
2118.7 2178
2119.92 2213
2121.14 2217
2122.36 2226
2123.58 2124
2124.8 2197
2126.01 2143
2127.23 2222
2128.45 2173
2129.66 2252
2130.87 2159
2132.09 2155
2133.3 2129
2134.51 2118
2135.72 2101
2136.93 2138
2138.14 2131
2139.35 2203
2140.56 2184
2141.77 2174
2142.97 2253
2144.18 2211
2145.39 2155
2146.59 2081
2147.79 2088
2149 2058
2150.2 2123
2151.4 2054
2152.6 2103
2153.8 2068
2155 2148
2156.2 2263
2157.4 2137
2158.6 2186
2159.79 2292
2160.99 2205
2162.19 2242
2163.38 2070
2164.57 2108
2165.77 2072
2166.96 2075
2168.15 2120
2169.34 2188
2170.53 2108
2171.72 2113
2172.91 2178
2174.1 2480
2175.29 2193
2176.48 2148
2177.66 2167
2178.85 2112
2180.03 2140
2181.22 2214
2182.4 2152
2183.58 2243
2184.77 2157
2185.95 2132
2187.13 2205
2188.31 2136
2189.49 2127
2190.67 2183
2191.84 2133
2193.02 2166
2194.2 2144
2195.37 2126
2196.55 2138
2197.72 2171
2198.9 2225
2200.07 2245
2201.24 2257
2202.42 2184
2203.59 2258
2204.76 2231
2205.93 2255
2207.1 2226
2208.26 2168
2209.43 2120
2210.6 2067
2211.76 2151
2212.93 2060
2214.09 2121
2215.26 2120
2216.42 2030
2217.59 2122
2218.75 2112
2219.91 2138
2221.07 2180
2222.23 2193
2223.39 2205
2224.55 2249
2225.71 2216
2226.86 2197
2228.02 2259
2229.18 2158
2230.33 2219
2231.49 2172
2232.64 2159
2233.79 2127
2234.95 2100
2236.1 2082
2237.25 2064
2238.4 2035
2239.55 2082
2240.7 2108
2241.85 2068
2242.99 2172
2244.14 2087
2245.29 2153
2246.43 2081
2247.58 2140
2248.72 2240
2249.87 2170
2251.01 2210
2252.15 2306
2253.29 2208
2254.43 2237
2255.57 2228
2256.71 2140
2257.85 2188
2258.99 2216
2260.13 2187
2261.27 2116
2262.4 2176
2263.54 2108
2264.67 2077
2265.81 2123
2266.94 2180
2268.07 2144
2269.21 2124
2270.34 2207
2271.47 2179
2272.6 2192
2273.73 2081
2274.86 2121
2275.99 2139
2277.11 2118
2278.24 2068
2279.37 2182
2280.49 2223
2281.62 2203
2282.74 2164
2283.86 2156
2284.99 2096
2286.11 2095
2287.23 2115
2288.35 2124
2289.47 2108
2290.59 2136
2291.71 2135
2292.83 2154
2293.95 2192
2295.06 2256
2296.18 2197
2297.29 2195
2298.41 2252
2299.52 2241
2300.64 2292
2301.75 2214
2302.86 2215
2303.97 2096
2305.08 2179
2306.19 2188
2307.3 2193
2308.41 2207
2309.52 2176
2310.63 2218
2311.74 2148
2312.84 2139
2313.95 2102
2315.05 2140
2316.16 2112
2317.26 2105
2318.36 2087
2319.46 2200
2320.57 2116
2321.67 2148
2322.77 2155
2323.87 2138
2324.97 2144
2326.06 2196
2327.16 2212
2328.26 2123
2329.36 2165
2330.45 2164
2331.55 2164
2332.64 2177
2333.73 2127
2334.83 2222
2335.92 2177
2337.01 2184
2338.1 2203
2339.19 2214
2340.28 2152
2341.37 2210
2342.46 2149
2343.55 2187
2344.64 2144
2345.72 2173
2346.81 2144
2347.89 2203
2348.98 2146
2350.06 2232
2351.15 2102
2352.23 2121
2353.31 2215
2354.39 2181
2355.47 2185
2356.55 2161
2357.63 2178
2358.71 2218
2359.79 2223
2360.86 2218
2361.94 2291
2363.02 2177
2364.09 2209
2365.17 2211
2366.24 2160
2367.32 2178
2368.39 2210
2369.46 2214
2370.53 2206
2371.6 2173
2372.67 2216
2373.74 2189
2374.81 2173
2375.88 2229
2376.95 2146
2378.02 2272
2379.08 2247
2380.15 2182
2381.21 2230
2382.28 2181
2383.34 2200
2384.4 2243
2385.47 2200
2386.53 2292
2387.59 2222
2388.65 2232
2389.71 2206
2390.77 2304
2391.83 2116
2392.89 2193
2393.94 2169
2395 2153
2396.06 2260
2397.11 2228
2398.17 2163
2399.22 2183
2400.27 2294
2401.33 2189
2402.38 2237
2403.43 2295
2404.48 2342
2405.53 2305
2406.58 2342
2407.63 2371
2408.68 2255
2409.73 2309
2410.77 2215
2411.82 2332
2412.87 2238
2413.91 2266
2414.96 2331
2416 2311
2417.04 2289
2418.09 2316
2419.13 2237
2420.17 2223
2421.21 2298
2422.25 2322
2423.29 2204
2424.33 2354
2425.37 2314
2426.41 2325
2427.44 2732
2428.48 2300
2429.51 2245
2430.55 2329
2431.58 2214
2432.62 2304
2433.65 2237
2434.68 2270
2435.71 2174
2436.75 2285
2437.78 2321
2438.81 2219
2439.84 2296
2440.86 2265
2441.89 2271
2442.92 2230
2443.95 2334
2444.97 2333
2446 2274
2447.02 2331
2448.05 2276
2449.07 2233
2450.09 2246
2451.12 2349
2452.14 2239
2453.16 2301
2454.18 2322
2455.2 2329
2456.22 2231
2457.24 2323
2458.26 2210
2459.27 2209
2460.29 2182
2461.31 2179
2462.32 2255
2463.34 2188
2464.35 2199
2465.36 2244
2466.38 2242
2467.39 2203
2468.4 2225
2469.41 2199
2470.42 2209
2471.43 2240
2472.44 2163
2473.45 2170
2474.46 2190
2475.47 2158
2476.47 2176
2477.48 2234
2478.48 2212
2479.49 2201
2480.49 2208
2481.5 2204
2482.5 2265
2483.5 2257
2484.5 2290
2485.5 2336
2486.5 2317
2487.5 2326
2488.5 2383
2489.5 2301
2490.5 2317
2491.5 2306
2492.49 2241
2493.49 2247
2494.48 2310
2495.48 2207
2496.47 2256
2497.47 2134
2498.46 2190
2499.45 2261
2500.44 2183
2501.44 2173
2502.43 2260
2503.42 2252
2504.4 2231
2505.39 2203
2506.38 2335
2507.37 2277
2508.36 2249
2509.34 2286
2510.33 2278
2511.31 2243
2512.3 2247
2513.28 2334
2514.26 2217
2515.25 2213
2516.23 2203
2517.21 2259
2518.19 2241
2519.17 2230
2520.15 2211
2521.13 2322
2522.1 2255
2523.08 2262
2524.06 2196
2525.03 2227
2526.01 2172
2526.98 2243
2527.96 2212
2528.93 2208
2529.91 2351
2530.88 2340
2531.85 2202
2532.82 2209
2533.79 2197
2534.76 2207
2535.73 2309
2536.7 2225
2537.67 2234
2538.64 2231
2539.6 2215
2540.57 2162
2541.53 2299
2542.5 2185
2543.46 2339
2544.43 2255
2545.39 2260
2546.35 2235
2547.32 2230
2548.28 2263
2549.24 2251
2550.2 2309
2551.16 2211
2552.12 2276
2553.07 2238
2554.03 2407
2554.99 2255
2555.95 2219
2556.9 2213
2557.86 2273
2558.81 2331
2559.77 2215
2560.72 2247
2561.67 2266
2562.62 2211
2563.57 2283
2564.53 2243
2565.48 2247
2566.43 2173
2567.37 2267
2568.32 2223
2569.27 2330
2570.22 2243
2571.17 2226
2572.11 2282
2573.06 2563
2574 2236
2574.95 2250
2575.89 2364
2576.83 2297
2577.77 2206
2578.72 2284
2579.66 2309
2580.6 2220
2581.54 2250
2582.48 2277
2583.42 2232
2584.35 2238
2585.29 2280
2586.23 2172
2587.16 2226
2588.1 2192
2589.03 2240
2589.97 2184
2590.9 2232
2591.83 2192
2592.77 2305
2593.7 2256
2594.63 2221
2595.56 2300
2596.49 2240
2597.42 2242
2598.35 2289
2599.28 2311
2600.21 2268
2601.13 2208
2602.06 2256
2602.99 2526
2603.91 2279
2604.83 2305
2605.76 2232
2606.68 2256
2607.6 2264
2608.53 2223
2609.45 2287
2610.37 2181
2611.29 2168
2612.21 2192
2613.13 2270
2614.05 2283
2614.97 2291
2615.88 2268
2616.8 2272
2617.72 2237
2618.63 2203
2619.55 2207
2620.46 2196
2621.37 2245
2622.29 2251
2623.2 2215
2624.11 2262
2625.02 2164
2625.93 2202
2626.84 2262
2627.75 2174
2628.66 2205
2629.57 2225
2630.48 2261
2631.38 2213
2632.29 2305
2633.19 2223
2634.1 2214
2635 2270
2635.91 2246
2636.81 2250
2637.71 2218
2638.62 2205
2639.52 2301
2640.42 2356
2641.32 2241
2642.22 2281
2643.12 2279
2644.02 2311
2644.91 2277
2645.81 2291
2646.71 2266
2647.6 2278
2648.5 2238
2649.39 2267
2650.29 2291
2651.18 2256
2652.07 2293
2652.97 2513
2653.86 2238
2654.75 2263
2655.64 2257
2656.53 2291
2657.42 2274
2658.31 2264
2659.2 2238
2660.08 2175
2660.97 2230
2661.86 2296
2662.74 2200
2663.63 2208
2664.51 2278
2665.4 2184
2666.28 2200
2667.16 2372
2668.04 2220
2668.93 2237
2669.81 2213
2670.69 2121
2671.57 2225
2672.45 2201
2673.32 2174
2674.2 2203
2675.08 2251
2675.96 2207
2676.83 2203
2677.71 2217
2678.58 2191
2679.46 2198
2680.33 2226
2681.2 2214
2682.07 2270
2682.95 2211
2683.82 2209
2684.69 2365
2685.56 2240
2686.43 2252
2687.3 2166
2688.16 2211
2689.03 2191
2689.9 2201
2690.76 2245
2691.63 2205
2692.49 2259
2693.36 2243
2694.22 2163
2695.09 2198
2695.95 2191
2696.81 2195
2697.67 2202
2698.53 2211
2699.39 2193
2700.25 2190
2701.11 2294
2701.97 2204
2702.83 2235
2703.69 2179
2704.54 2192
2705.4 2197
2706.25 2229
2707.11 2159
2707.96 2226
2708.82 2176
2709.67 2183
2710.52 2190
2711.37 2194
2712.22 2169
2713.08 2224
2713.92 2254
2714.77 2181
2715.62 2272
2716.47 2215
2717.32 2121
2718.17 2288
2719.01 2186
2719.86 2169
2720.7 2246
2721.55 2207
2722.39 2188
2723.23 2149
2724.08 2207
2724.92 2316
2725.76 2214
2726.6 2217
2727.44 2194
2728.28 2174
2729.12 2148
2729.96 2201
2730.8 2118
2731.63 2173
2732.47 2184
2733.31 2208
2734.14 2254
2734.98 2181
2735.81 2198
2736.64 2157
2737.48 2165
2738.31 2152
2739.14 2174
2739.97 2348
2740.8 2130
2741.63 2195
2742.46 2140
2743.29 2225
2744.12 2177
2744.95 2208
2745.77 2274
2746.6 2192
2747.43 2198
2748.25 2299
2749.08 2265
2749.9 2233
2750.72 2129
2751.55 2200
2752.37 2235
2753.19 2186
2754.01 2159
2754.83 2158
2755.65 2140
2756.47 2194
2757.29 2112
2758.1 2190
2758.92 2117
2759.74 2221
2760.55 2177
2761.37 2132
2762.18 2269
2763 2446
2763.81 2162
2764.63 2227
2765.44 2121
2766.25 2171
2767.06 2220
2767.87 2136
2768.68 2227
2769.49 2226
2770.3 2138
2771.11 2201
2771.91 2217
2772.72 2118
2773.53 2224
2774.33 2149
2775.14 2127
2775.94 2227
2776.75 2204
2777.55 2168
2778.35 2150
2779.15 2210
2779.96 2158
2780.76 2160
2781.56 2225
2782.36 2132
2783.16 2189
2783.95 2124
2784.75 2148
2785.55 2203
2786.35 2116
2787.14 2139
2787.94 2188
2788.73 2152
2789.53 2154
2790.32 2217
2791.11 2202
2791.9 2160
2792.7 2144
2793.49 2117
2794.28 2146
2795.07 2144
2795.86 2089
2796.64 2157
2797.43 2147
2798.22 2156
2799.01 2136
2799.79 2218
2800.58 2167
2801.36 2154
2802.15 2193
2802.93 2113
2803.71 2129
2804.5 2186
2805.28 2141
2806.06 2146
2806.84 2122
2807.62 2162
2808.4 2257
2809.18 2183
2809.96 2144
2810.74 2140
2811.51 2128
2812.29 2187
2813.06 2130
2813.84 2085
2814.61 2108
2815.39 2160
2816.16 2199
2816.93 2208
2817.71 2111
2818.48 2096
2819.25 2141
2820.02 2187
2820.79 2069
2821.56 2183
2822.33 2165
2823.09 2155
2823.86 2106
2824.63 2183
2825.39 2142
2826.16 2147
2826.92 2098
2827.69 2120
2828.45 2135
2829.21 2073
2829.98 2107
2830.74 2168
2831.5 2145
2832.26 2082
2833.02 2242
2833.78 2154
2834.54 2145
2835.3 2114
2836.05 2077
2836.81 2169
2837.57 2121
2838.32 2107
2839.08 2161
2839.83 2167
2840.58 2163
2841.34 2099
2842.09 2107
2842.84 2122
2843.59 2135
2844.34 2110
2845.09 2122
2845.84 2230
2846.59 2181
2847.34 2198
2848.09 2096
2848.84 2129
2849.58 2129
2850.33 2218
2851.07 2156
2851.82 2116
2852.56 2127
2853.3 2146
2854.05 2145
2854.79 2113
2855.53 2144
2856.27 2127
2857.01 2225
2857.75 2150
2858.49 2123
2859.23 2229
2859.97 2142
2860.7 2123
2861.44 2192
2862.17 2130
2862.91 2158
2863.64 2133
2864.38 2243
2865.11 2164
2865.84 2164
2866.58 2204
2867.31 2186
2868.04 2174
2868.77 2161
2869.5 2185
2870.23 2249
2870.96 2277
2871.68 2220
2872.41 2359
2873.14 2507
2873.86 2803
2874.59 3307
2875.31 3333
2876.04 3582
2876.76 3971
2877.48 3971
2878.21 4059
2878.93 3787
2879.65 3592
2880.37 3478
2881.09 3134
2881.81 2898
2882.53 2782
2883.24 2601
2883.96 2529
2884.68 2417
2885.39 2408
2886.11 2320
2886.82 2267
2887.54 2302
2888.25 2286
2888.96 2225
2889.68 2145
2890.39 2174
2891.1 2173
2891.81 2225
2892.52 2206
2893.23 2251
2893.94 2152
2894.64 2182
2895.35 2103
2896.06 2168
2896.76 2122
2897.47 2100
2898.17 2145
2898.88 2123
2899.58 2101
2900.28 2116
2900.99 2165
2901.69 2147
2902.39 2094
2903.09 2450
2903.79 2104
2904.49 2146
2905.18 2135
