#InstrumentID: Terra 440
#DatasetName: sanshuixiaosuantong
#SampleInfo: 
#AcquisitionDate: 01/04/17 13:40:00
#IntegrationTime: 730 seconds
#Exposure 73 of 250
#Mode: *defaults*
#CameraParams: cameraSetpoint = -45
#PiezoParams: highPiezoFreq = 1600 lowPiezoFreq = 1550 piezoVolume = 100
#GeometryParams: axisX = 1117.49 axisY = 129 axisZ = 1219.85 sensorAngle1 = 29.6649 sensorAngle3 = 0
#EnergyParams: splitThreshold = 4 CuKaPeak = 601 kBFilterIn = 1
5	172.18
5.05	201.81
5.1	169.334
5.15	177.533
5.2	174.449
5.25	165.366
5.3	181.587
5.35	166.913
5.4	156.483
5.45	220.828
5.5	192.977
5.55	154.202
5.6	184.556
5.65	216.729
5.7	204.963
5.75	192.835
5.8	198.609
5.85	193.406
5.9	165.825
5.95	239.709
6	176.608
6.05	185.349
6.1	202.222
6.15	159.402
6.2	193.85
6.25	176.8
6.3	160.716
6.35	207.026
6.4	203.338
6.45	189.393
6.5	189.991
6.55	173.309
6.6	201.285
6.65	186.683
6.7	182.022
6.75	192.27
6.8	181.676
6.85	178.032
6.9	159.175
6.95	174.789
7	193.738
7.05	176.12
7.1	189.992
7.15	181.236
7.2	158.368
7.25	184.021
7.3	182.366
7.35	203.374
7.4	184.674
7.45	186.294
7.5	150.303
7.55	176.614
7.6	176.206
7.65	175.368
7.7	167.598
7.75	181.989
7.8	201.251
7.85	164.413
7.9	188.37
7.95	178.038
8	133.292
8.05	182.524
8.1	159.048
8.15	210.146
8.2	185.186
8.25	185.317
8.3	217.431
8.35	193.249
8.4	180.63
8.45	180.64
8.5	205.633
8.55	161.008
8.6	180.894
8.65	217.944
8.7	170.194
8.75	233.985
8.8	198.667
8.85	168.272
8.9	159.429
8.95	174.536
9	160.651
9.05	198.023
9.1	163.79
9.15	216.364
9.2	203.952
9.25	189.438
9.3	150.134
9.35	209.136
9.4	204.308
9.45	155.68
9.5	184.653
9.55	186.265
9.6	197.122
9.65	179.969
9.7	149.491
9.75	181.299
9.8	191.594
9.85	155.632
9.9	186.703
9.95	191.613
10	169.057
10.05	197.398
10.1	168.845
10.15	189.291
10.2	160.598
10.25	153.467
10.3	183.178
10.35	170.864
10.4	192.882
10.45	146.736
10.5	183.365
10.55	188.709
10.6	199.335
10.65	170.309
10.7	189.868
10.75	195.751
10.8	181.706
10.85	176.629
10.9	197.988
10.95	202.433
11	214.372
11.05	209.393
11.1	217.252
11.15	199.581
11.2	180.282
11.25	194.93
11.3	177.968
11.35	203.59
11.4	170.418
11.45	182.395
11.5	194.373
11.55	169.078
11.6	183.285
11.65	183.641
11.7	175.216
11.75	181.644
11.8	194.051
11.85	196.312
11.9	178.407
11.95	176.315
12	195.71
12.05	195.636
12.1	212.778
12.15	181.452
12.2	172.094
12.25	172.153
12.3	193.89
12.35	180.347
12.4	176.871
12.45	178.838
12.5	220.979
12.55	186.978
12.6	193.635
12.65	175.318
12.7	200.212
12.75	230.715
12.8	146.416
12.85	169.965
12.9	195.274
12.95	161.354
13	173.927
13.05	169.871
13.1	177.615
13.15	185.296
13.2	188.971
13.25	174.763
13.3	188.968
13.35	199.736
13.4	185.596
13.45	185.462
13.5	174.605
13.55	152.646
13.6	183.379
13.65	196.201
13.7	197.18
13.75	186.199
13.8	194.047
13.85	149.813
13.9	206.581
13.95	205.809
14	207.353
14.05	172.819
14.1	163.592
14.15	204.736
14.2	198.286
14.25	228.394
14.3	176.638
14.35	191.364
14.4	212.939
14.45	231.36
14.5	275.261
14.55	273.583
14.6	295.837
14.65	418.338
14.7	543.916
14.75	681.066
14.8	1034.33
14.85	1342.21
14.9	1459.78
14.95	1598.44
15	1511.47
15.05	1383.75
15.1	1157.95
15.15	792.825
15.2	605.126
15.25	416.271
15.3	352.484
15.35	293.314
15.4	233.451
15.45	214.774
15.5	226.312
15.55	226.421
15.6	248.005
15.65	245.941
15.7	307.41
15.75	347.384
15.8	442.997
15.85	511.076
15.9	682.209
15.95	609.144
16	613.293
16.05	642.537
16.1	508.046
16.15	452.793
16.2	379.374
16.25	275.148
16.3	267.229
16.35	235.065
16.4	232.541
16.45	202.094
16.5	228.974
16.55	193.776
16.6	211.813
16.65	218.339
16.7	227.976
16.75	187.678
16.8	184.465
16.85	193.966
16.9	220.774
16.95	192.701
17	171.974
17.05	165.604
17.1	183.265
17.15	159.37
17.2	208.446
17.25	190.307
17.3	201.79
17.35	174.556
17.4	197.991
17.45	187.535
17.5	222.901
17.55	210.936
17.6	183.032
17.65	168.852
17.7	220.729
17.75	185.898
17.8	205.456
17.85	217.027
17.9	181.683
17.95	190.02
18	168.035
18.05	188.229
18.1	191.229
18.15	192.631
18.2	207.863
18.25	206.275
18.3	218.664
18.35	243.481
18.4	305.876
18.45	314.933
18.5	420.291
18.55	501.655
18.6	691.198
18.65	755.472
18.7	885.55
18.75	897.14
18.8	935.768
18.85	750.908
18.9	566.596
18.95	403
19	310.656
19.05	267.926
19.1	271.254
19.15	207.555
19.2	220.565
19.25	145
19.3	188.602
19.35	172.569
19.4	198.703
19.45	188.786
19.5	207.002
19.55	196.791
19.6	218.538
19.65	201.386
19.7	171.709
19.75	170.281
19.8	152.237
19.85	184.681
19.9	211.21
19.95	177.648
20	201.05
20.05	164.065
20.1	175.626
20.15	212.037
20.2	156.67
20.25	202.004
20.3	188.305
20.35	198.825
20.4	183.584
20.45	171.598
20.5	191.799
20.55	216.813
20.6	215.157
20.65	197.959
20.7	159.468
20.75	155.031
20.8	179.648
20.85	197.992
20.9	191.152
20.95	163.738
21	205.799
21.05	220.497
21.1	210.855
21.15	200.75
21.2	232.586
21.25	243.261
21.3	278.51
21.35	377.879
21.4	532.289
21.45	689.114
21.5	919.398
21.55	968.488
21.6	1076.43
21.65	974.877
21.7	919.626
21.75	832.952
21.8	781.136
21.85	802.056
21.9	932.021
21.95	1078.77
22	1071.8
22.05	1097.65
22.1	903.566
22.15	848.896
22.2	576.09
22.25	409.866
22.3	356.216
22.35	302.663
22.4	267.244
22.45	229.603
22.5	207.861
22.55	251.12
22.6	180.246
22.65	196.764
22.7	183.718
22.75	183.558
22.8	232.806
22.85	183.551
22.9	201.47
22.95	191.386
23	161.706
23.05	180.729
23.1	187.778
23.15	184.944
23.2	197.87
23.25	192.667
23.3	193.565
23.35	173.714
23.4	159.627
23.45	168.083
23.5	177.465
23.55	187.656
23.6	194.102
23.65	206.99
23.7	216.767
23.75	207.251
23.8	214.053
23.85	213.77
23.9	252.334
23.95	309.635
24	460.557
24.05	584.616
24.1	781.76
24.15	910.447
24.2	898.585
24.25	990.903
24.3	854.465
24.35	703.747
24.4	545.22
24.45	389.726
24.5	317.78
24.55	193.343
24.6	222.923
24.65	227.373
24.7	182.936
24.75	187.728
24.8	253.631
24.85	273.378
24.9	268.161
24.95	303.847
25	335.686
25.05	312.399
25.1	253.747
25.15	268.319
25.2	220.186
25.25	202.453
25.3	259.127
25.35	236.326
25.4	197.302
25.45	228.822
25.5	224.337
25.55	236.322
25.6	223.435
25.65	206.864
25.7	167.278
25.75	206.14
25.8	193.735
25.85	206.991
25.9	174.24
25.95	227.15
26	310.621
26.05	372.47
26.1	488.679
26.15	614.159
26.2	666.749
26.25	751.553
26.3	773.403
26.35	715.082
26.4	640.069
26.45	501.775
26.5	376.845
26.55	296.424
26.6	243.055
26.65	209.294
26.7	184.45
26.75	183.125
26.8	204.828
26.85	171.002
26.9	190.447
26.95	209.47
27	211.343
27.05	178.751
27.1	232.97
27.15	241.451
27.2	282.769
27.25	294.27
27.3	321.232
27.35	333.798
27.4	323.475
27.45	315.314
27.5	291.646
27.55	218.415
27.6	183.005
27.65	179.59
27.7	187.873
27.75	166.177
27.8	182.662
27.85	177.542
27.9	218.539
27.95	179.33
28	182.369
28.05	161.277
28.1	150.981
28.15	169.054
28.2	155.804
28.25	190.743
28.3	199.112
28.35	205.549
28.4	177.663
28.45	197.293
28.5	213.761
28.55	195.612
28.6	222.59
28.65	190.87
28.7	185.711
28.75	210.603
28.8	253.559
28.85	281.92
28.9	286.727
28.95	313.357
29	319.929
29.05	285.234
29.1	304.814
29.15	293.467
29.2	267.891
29.25	334.118
29.3	359.574
29.35	551.255
29.4	603.195
29.45	801.492
29.5	907.313
29.55	1019.38
29.6	959.9
29.65	868.221
29.7	662.69
29.75	478.36
29.8	391.352
29.85	301.774
29.9	203.92
29.95	232.484
30	217.28
30.05	245.82
30.1	259.593
30.15	190.454
30.2	241.199
30.25	288.74
30.3	236.797
30.35	220.837
30.4	195.676
30.45	165.828
30.5	193.971
30.55	164.897
30.6	180.392
30.65	197.421
30.7	167.497
30.75	190.658
30.8	175.643
30.85	164.036
30.9	168.142
30.95	169.012
31	143.651
31.05	187.848
31.1	189.05
31.15	168.043
31.2	195.708
31.25	200.735
31.3	155.297
31.35	161.041
31.4	150.74
31.45	165.439
31.5	160.681
31.55	177.313
31.6	133.779
31.65	184.565
31.7	168.546
31.75	161.422
31.8	179.311
31.85	145.312
31.9	149.514
31.95	168.081
32	150.288
32.05	196.116
32.1	166.261
32.15	169.292
32.2	228.003
32.25	163.475
32.3	214.581
32.35	191.407
32.4	192.204
32.45	227.306
32.5	186.435
32.55	248.269
32.6	240.934
32.65	204.62
32.7	214.655
32.75	231.198
32.8	238.047
32.85	201.659
32.9	214.816
32.95	193.101
33	188.7
33.05	185.141
33.1	195.041
33.15	166.603
33.2	227.412
33.25	236.078
33.3	211.857
33.35	215.387
33.4	261.886
33.45	245.163
33.5	319.369
33.55	327.671
33.6	475.19
33.65	573.834
33.7	756.756
33.75	952.692
33.8	991.716
33.85	1098.57
33.9	1035.13
33.95	936.365
34	792.476
34.05	540.926
34.1	394.657
34.15	301.848
34.2	212.334
34.25	226.029
34.3	186.065
34.35	204.497
34.4	196.691
34.45	181.623
34.5	189.413
34.55	173.184
34.6	187.655
34.65	202.684
34.7	211.048
34.75	189.544
34.8	197.899
34.85	183.268
34.9	177.71
34.95	194.587
35	181.054
35.05	184.747
35.1	172.635
35.15	149.416
35.2	221.344
35.25	201.628
35.3	235.227
35.35	193.542
35.4	193.683
35.45	197.01
35.5	169.255
35.55	158.991
35.6	151.977
35.65	185.202
35.7	154.365
35.75	186.901
35.8	203.867
35.85	242.176
35.9	201.792
35.95	230.164
36	289.58
36.05	386.801
36.1	480.292
36.15	535.516
36.2	579.989
36.25	661.43
36.3	682.316
36.35	559.245
36.4	575.213
36.45	485.962
36.5	384.41
36.55	302.321
36.6	208.452
36.65	168.216
36.7	185.088
36.75	161.764
36.8	205.08
36.85	203.611
36.9	186.753
36.95	170.707
37	212.302
37.05	215.369
37.1	205.586
37.15	240.985
37.2	227.168
37.25	199.04
37.3	209.087
37.35	174.338
37.4	178.413
37.45	216.212
37.5	172.188
37.55	140.214
37.6	176.607
37.65	144.806
37.7	199.664
37.75	203.171
37.8	222.907
37.85	186.571
37.9	202.569
37.95	194.89
38	218.28
38.05	234.296
38.1	196.771
38.15	235.089
38.2	220.725
38.25	204.093
38.3	221.119
38.35	194.092
38.4	186.771
38.45	195.714
38.5	231.361
38.55	221.095
38.6	219.595
38.65	191.315
38.7	245.214
38.75	244.678
38.8	216.549
38.85	241.686
38.9	232.177
38.95	258.086
39	287.315
39.05	302
39.1	327.623
39.15	295.592
39.2	316.945
39.25	342.221
39.3	314.18
39.35	279.084
39.4	335.237
39.45	325.578
39.5	301.846
39.55	304.96
39.6	258.961
39.65	300.383
39.7	240.606
39.75	336.332
39.8	309.942
39.85	345.13
39.9	401.812
39.95	381.837
40	326.819
40.05	293.299
40.1	235.933
40.15	210.808
40.2	222.481
40.25	221.256
40.3	199.118
40.35	171.9
40.4	223.307
40.45	207.952
40.5	199.262
40.55	228.925
40.6	224.303
40.65	209.262
40.7	185.12
40.75	183.196
40.8	174.913
40.85	169.751
40.9	197.041
40.95	202.112
41	192.31
41.05	175.48
41.1	214.49
41.15	192.874
41.2	186.358
41.25	190.895
41.3	206.339
41.35	199.694
41.4	186.419
41.45	174.503
41.5	194.916
41.55	205.201
41.6	195.115
41.65	236.09
41.7	205.507
41.75	171.478
41.8	209.253
41.85	199.113
41.9	174.774
41.95	167.995
42	175.973
42.05	172.33
42.1	196.556
42.15	220.309
42.2	216.912
42.25	220.673
42.3	179.889
42.35	210.542
42.4	231.109
42.45	264.208
42.5	314.6
42.55	338.65
42.6	323.366
42.65	389.656
42.7	373.328
42.75	469.905
42.8	440.345
42.85	553.472
42.9	586.601
42.95	622.525
43	679.248
43.05	661.219
43.1	656.104
43.15	540.831
43.2	442.718
43.25	403.712
43.3	332.494
43.35	329.045
43.4	337.114
43.45	261.881
43.5	288.747
43.55	237.886
43.6	248.285
43.65	203.659
43.7	228.025
43.75	233.139
43.8	283.579
43.85	263.001
43.9	313.235
43.95	304.584
44	325.773
44.05	399.348
44.1	318.48
44.15	332.638
44.2	303.546
44.25	272.67
44.3	274.955
44.35	209.088
44.4	233.749
44.45	225.21
44.5	217.279
44.55	259.496
44.6	294.058
44.65	287.968
44.7	368.663
44.75	389.311
44.8	330.958
44.85	319.395
44.9	341.906
44.95	310.282
45	243.693
45.05	216.393
45.1	228.666
45.15	195.817
45.2	190.714
45.25	222.214
45.3	232.782
45.35	243.455
45.4	297.488
45.45	309.817
45.5	304.233
45.55	295.805
45.6	276.918
45.65	286.625
45.7	242.583
45.75	267.645
45.8	224.095
45.85	280.192
45.9	278.613
45.95	275.119
46	215.96
46.05	297.976
46.1	286.081
46.15	286.819
46.2	318.843
46.25	262.36
46.3	310.657
46.35	287.917
46.4	236.568
46.45	206.792
46.5	233.365
46.55	215.246
46.6	216.491
46.65	187.256
46.7	181.635
46.75	212.517
46.8	125.856
46.85	182.861
46.9	194.428
46.95	191.7
47	155.7
47.05	166.122
47.1	186.622
47.15	200.658
47.2	220.269
47.25	209.926
47.3	222.368
47.35	236.846
47.4	233.068
47.45	198.105
47.5	216.056
47.55	239.005
47.6	223.424
47.65	204.02
47.7	237.836
47.75	211.625
47.8	242.061
47.85	158.872
47.9	219.237
47.95	194.992
48	221.616
48.05	178.73
48.1	145.03
48.15	177.651
48.2	204.583
48.25	214.586
48.3	190.913
48.35	194.258
48.4	217.69
48.45	218.005
48.5	250.059
48.55	255.585
48.6	200.563
48.65	173.806
48.7	243.854
48.75	185.158
48.8	192.334
48.85	152.861
48.9	199.283
48.95	176.967
49	195.837
49.05	208.163
49.1	225.923
49.15	261.41
49.2	283.027
49.25	325.73
49.3	354.988
49.35	356.428
49.4	356.882
49.45	370.621
49.5	282.858
49.55	240.367
49.6	233.378
49.65	203.615
49.7	202.795
49.75	244.882
49.8	276.843
49.85	294.563
49.9	318.867
49.95	296.666
50	377.475
50.05	322.267
50.1	320.836
50.15	279.324
50.2	257.785
50.25	271.983
50.3	233.114
50.35	300.583
50.4	352.174
50.45	291.322
50.5	300.608
50.55	312.306
50.6	294.403
50.65	245.431
50.7	216.95
50.75	213.092
50.8	211.768
50.85	203.346
50.9	160.824
50.95	222.045
51	186.67
51.05	240.308
51.1	269.634
51.15	295.024
51.2	284.47
51.25	297.12
51.3	298.169
51.35	256.357
51.4	290.029
51.45	273.427
51.5	261.433
51.55	251.543
51.6	223.306
51.65	225.233
51.7	202.143
51.75	178.786
51.8	172.38
51.85	184.131
51.9	185.826
51.95	199.22
52	175.62
52.05	177.243
52.1	221.894
52.15	243.433
52.2	269.201
52.25	268.015
52.3	248.556
52.35	252.336
52.4	269.116
52.45	247.596
52.5	170.859
52.55	182.176
52.6	150.138
52.65	164.556
52.7	185.964
52.75	182.518
52.8	164.532
52.85	145.473
52.9	175.219
52.95	173.54
53	168.437
53.05	185.65
53.1	198.719
53.15	213.912
53.2	188.165
53.25	205.777
53.3	192.535
53.35	236.695
53.4	236.112
53.45	207.343
53.5	222.922
53.55	206.689
53.6	179.313
53.65	220.403
53.7	183.623
53.75	183.682
53.8	201.056
53.85	237.458
53.9	305.243
53.95	222.171
54	273.275
54.05	239.949
54.1	211.281
54.15	246.6
54.2	201.903
54.25	188.948
54.3	168.638
54.35	154.384
54.4	186.567
54.45	170.926
54.5	169.939
54.55	183.107
54.6	165.152
54.65	181.621
54.7	225.446
54.75	201.122
54.8	176.122
54.85	187.81
54.9	160.718
54.95	147.89
55	188.598
