#InstrumentID: Terra 440
#DatasetName: TATB
#SampleInfo: 
#AcquisitionDate: 09/25/17 15:23:39
#IntegrationTime: 800 seconds
#Exposure 80 of 80
#Mode: *defaults*
#CameraParams: cameraSetpoint = -45
#PiezoParams: highPiezoFreq = 1600 lowPiezoFreq = 1550 piezoVolume = 95
#GeometryParams: axisX = 1117.49 axisY = 129 axisZ = 1219.85 sensorAngle1 = 29.6649 sensorAngle3 = 0
#EnergyParams: splitThreshold = 4 CuKaPeak = 599 kBFilterIn = 1
5	59.2979
5.05	58.299
5.1	58.2213
5.15	67.6934
5.2	82.1381
5.25	55.9418
5.3	71.3598
5.35	86.9774
5.4	59.1866
5.45	69.5799
5.5	80.9901
5.55	72.8862
5.6	54.6778
5.65	71.8762
5.7	53.6995
5.75	73.0207
5.8	89.6654
5.85	69.1158
5.9	69.338
5.95	74.1539
6	57.6344
6.05	61.1469
6.1	72.8613
6.15	88.0075
6.2	59.6805
6.25	51.3986
6.3	75.0187
6.35	65.3649
6.4	60.1426
6.45	81.3115
6.5	74.3952
6.55	73.0249
6.6	60.0978
6.65	77.6858
6.7	48.7881
6.75	67.6542
6.8	68.4227
6.85	46.8846
6.9	70.325
6.95	70.9607
7	46.0222
7.05	60.4788
7.1	49.103
7.15	74.1162
7.2	59.1945
7.25	55.4969
7.3	62.3913
7.35	51.2583
7.4	47.1203
7.45	51.2834
7.5	54.8639
7.55	61.6892
7.6	55.4983
7.65	61.7727
7.7	71.474
7.75	58.1228
7.8	55.0915
7.85	61.0564
7.9	50.3766
7.95	63.0275
8	50.0903
8.05	76.2224
8.1	51.8381
8.15	50.386
8.2	49.7796
8.25	65.6748
8.3	69.6014
8.35	36.135
8.4	51.0574
8.45	70.6524
8.5	79.1221
8.55	65.9574
8.6	59.2516
8.65	63.2614
8.7	63.7978
8.75	60.5909
8.8	77.6791
8.85	77.5108
8.9	48.0117
8.95	61.0088
9	59.532
9.05	60.2477
9.1	48.817
9.15	53.0351
9.2	55.9497
9.25	45.4454
9.3	46.1487
9.35	83.2821
9.4	50.9853
9.45	57.7329
9.5	49.547
9.55	46.4624
9.6	48.0378
9.65	63.3815
9.7	65.934
9.75	58.6287
9.8	57.2793
9.85	50.8899
9.9	57.3075
9.95	44.8615
10	62.0203
10.05	48.3272
10.1	60.4628
10.15	52.4203
10.2	62.454
10.25	52.7208
10.3	64.2559
10.35	49.5374
10.4	52.1902
10.45	56.326
10.5	60.4504
10.55	55.0039
10.6	50.8223
10.65	52.3185
10.7	54.8788
10.75	72.5543
10.8	62.9513
10.85	36.81
10.9	45.1147
10.95	56.1708
11	66.6973
11.05	69.077
11.1	58.2378
11.15	68.7283
11.2	74.1031
11.25	75.3234
11.3	65.2748
11.35	58.822
11.4	74.7823
11.45	80.1347
11.5	70.5974
11.55	72.7486
11.6	100.038
11.65	112.07
11.7	96.2126
11.75	101.16
11.8	77.4438
11.85	82.755
11.9	70.9406
11.95	66.5335
12	70.8093
12.05	59.5561
12.1	57.769
12.15	86.5829
12.2	64.5906
12.25	77.8016
12.3	86.2544
12.35	80.8103
12.4	65.191
12.45	64.3136
12.5	47.8236
12.55	66.0969
12.6	79.8195
12.65	60.946
12.7	62.3768
12.75	42.1057
12.8	77.7483
12.85	56.3273
12.9	59.2672
12.95	85.341
13	51.9171
13.05	59.2785
13.1	69.0469
13.15	48.6569
13.2	58.0677
13.25	64.7176
13.3	67.8153
13.35	48.2587
13.4	56.9469
13.45	50.7892
13.5	45.1612
13.55	48.4114
13.6	62.9261
13.65	69.1215
13.7	60.0006
13.75	63.1311
13.8	62.7098
13.85	66.8276
13.9	60.8919
13.95	61.6601
14	68.7649
14.05	84.3429
14.1	76.1367
14.15	61.2717
14.2	55.2292
14.25	73.5955
14.3	56.2176
14.35	77.5445
14.4	66.8118
14.45	87.7785
14.5	56.9968
14.55	69.2095
14.6	59.9199
14.65	83.2087
14.7	87.4248
14.75	70.0043
14.8	73.5546
14.85	68.9199
14.9	72
14.95	77.0447
15	47.7919
15.05	54.5303
15.1	70.2672
15.15	57.961
15.2	72.2174
15.25	58.3446
15.3	57.8876
15.35	83.0419
15.4	64.3323
15.45	60.1616
15.5	46.7067
15.55	58.1474
15.6	82.5264
15.65	55.6004
15.7	74.2739
15.75	96.894
15.8	92.2101
15.85	93.0184
15.9	105.914
15.95	123.787
16	100.378
16.05	123.494
16.1	97.8839
16.15	104.192
16.2	116.693
16.25	92.4162
16.3	108.676
16.35	109.46
16.4	96.0788
16.45	116.449
16.5	119.187
16.55	111.772
16.6	75.741
16.65	106.631
16.7	79.8243
16.75	93.4262
16.8	91.7537
16.85	103.312
16.9	67.7561
16.95	71.2224
17	73.8038
17.05	88.4359
17.1	58.8163
17.15	77.3483
17.2	51.7128
17.25	61.9257
17.3	64.9509
17.35	84.1711
17.4	71.4198
17.45	74.5992
17.5	90.1532
17.55	43.9896
17.6	50.7377
17.65	76.3159
17.7	75.3433
17.75	72.0553
17.8	67.0757
17.85	62.4388
17.9	58.348
17.95	71.5028
18	50.5521
18.05	59.1804
18.1	66.4281
18.15	61.746
18.2	50.0596
18.25	61.1418
18.3	73.6069
18.35	73.8773
18.4	66.7131
18.45	56.4193
18.5	61.4619
18.55	65.8602
18.6	50.2743
18.65	59.4137
18.7	55.2779
18.75	68.806
18.8	53.2353
18.85	63.767
18.9	61.7341
18.95	44.0156
19	64.2229
19.05	57.5966
19.1	68.1847
19.15	55.3832
19.2	54.1628
19.25	43.0742
19.3	40.2777
19.35	48.0147
19.4	74.66
19.45	81.6013
19.5	66.599
19.55	72.1392
19.6	87.3704
19.65	58.1054
19.7	93.042
19.75	82.1914
19.8	84.8106
19.85	79.1774
19.9	63.7168
19.95	74.9878
20	61.7107
20.05	67.2245
20.1	65.692
20.15	69.0607
20.2	64.0245
20.25	76.0333
20.3	88.95
20.35	48.3877
20.4	51.7923
20.45	66.9981
20.5	68.5296
20.55	55.2121
20.6	72.0917
20.65	77.8909
20.7	93.7851
20.75	108.387
20.8	110.779
20.85	116.505
20.9	114.296
20.95	114.087
21	119.669
21.05	99.0433
21.1	88.5406
21.15	92.3851
21.2	62.5068
21.25	63.5662
21.3	58.9385
21.35	60.9713
21.4	53.083
21.45	67.3673
21.5	62.8853
21.55	70.1832
21.6	47.0393
21.65	51.9193
21.7	44.4115
21.75	52.0563
21.8	46.7207
21.85	58.6831
21.9	65.6971
21.95	55.244
22	59.6587
22.05	55.8657
22.1	64.6509
22.15	50.8466
22.2	46.5463
22.25	49.9611
22.3	53.3772
22.35	62.1144
22.4	57.8607
22.45	46.8763
22.5	56.9915
22.55	66.0005
22.6	48.6897
22.65	55.9511
22.7	64.3425
22.75	46.7281
22.8	55.3186
22.85	53.8023
22.9	61.3216
22.95	63.2438
23	30.1165
23.05	52.9515
23.1	55.5074
23.15	59.1589
23.2	49.3328
23.25	62.7421
23.3	45.2891
23.35	65.2757
23.4	57.1063
23.45	40.2285
23.5	57.5693
23.55	44.6572
23.6	60.0516
23.65	46.1646
23.7	54.5926
23.75	72.2871
23.8	84.5424
23.85	76.1846
23.9	65.4192
23.95	72.4649
24	79.6752
24.05	82.4336
24.1	62.6644
24.15	47.501
24.2	53.4733
24.25	64.3731
24.3	66.899
24.35	53.407
24.4	56.835
24.45	55.7322
24.5	49.8839
24.55	75.5036
24.6	77.4497
24.65	69.751
24.7	77.3635
24.75	87.9543
24.8	71.9199
24.85	63.0547
24.9	64.1577
24.95	65.6021
25	33.0814
25.05	58.5395
25.1	49.8543
25.15	41.601
25.2	55.0737
25.25	48.0266
25.3	47.3515
25.35	34.1413
25.4	54.446
25.45	36.6101
25.5	44.7929
25.55	62.3843
25.6	41.9426
25.65	61.5216
25.7	58.8661
25.75	39.4842
25.8	37.4416
25.85	46.8463
25.9	43.0741
25.95	39.6237
26	56.3983
26.05	60.3243
26.1	47.1878
26.15	72.7763
26.2	46.6745
26.25	42.2405
26.3	41.1861
26.35	57.2501
26.4	58.2942
26.45	38.8579
26.5	40.0435
26.55	30.4101
26.6	48.6057
26.65	41.0809
26.7	52.4618
26.75	45.5392
26.8	35.4643
26.85	33.7048
26.9	43.8731
26.95	29.8316
27	38.2899
27.05	40.8379
27.1	58.2617
27.15	44.3863
27.2	37.2626
27.25	25.8144
27.3	39.0989
27.35	48.5276
27.4	39.7526
27.45	34.3184
27.5	38.2494
27.55	45.5067
27.6	52.4159
27.65	43.2237
27.7	36.9275
27.75	31.6004
27.8	49.5873
27.85	54.5377
27.9	59.1357
27.95	60.0261
28	81.7521
28.05	112.636
28.1	137.803
28.15	191.115
28.2	259.285
28.25	287.061
28.3	360.239
28.35	385.035
28.4	328.635
28.45	279.141
28.5	247.618
28.55	121.547
28.6	90.1435
28.65	75.3813
28.7	56.4827
28.75	51.5016
28.8	55.8756
28.85	63.5505
28.9	48.5679
28.95	50.9759
29	46.8985
29.05	49.1334
29.1	40.1559
29.15	49.241
29.2	45.3732
29.25	46.443
29.3	54.9254
29.35	53.1707
29.4	47.6179
29.45	34.4953
29.5	40.4274
29.55	33.1924
29.6	36.8707
29.65	35.4103
29.7	25.5151
29.75	32.9433
29.8	36.3002
29.85	29.2601
29.9	39.0576
29.95	42.7775
30	45.3574
30.05	33.5739
30.1	43.4853
30.15	32.619
30.2	46.1516
30.25	38.7823
30.3	43.5355
30.35	54.8207
30.4	50.5532
30.45	58.9775
30.5	51.4939
30.55	48.7039
30.6	33.8732
30.65	48.0901
30.7	33.3006
30.75	27.4561
30.8	35.1065
30.85	36.5885
30.9	37.912
30.95	33.0472
31	35.7072
31.05	39.9204
31.1	28.5433
31.15	35.7293
31.2	29.2661
31.25	41.0365
31.3	30.783
31.35	31.7899
31.4	32.9076
31.45	37.0328
31.5	44.3559
31.55	30.8654
31.6	44.5024
31.65	20.8929
31.7	51.7495
31.75	30.0809
31.8	33.3359
31.85	25.3531
31.9	22.7381
31.95	42.0964
32	38.7956
32.05	38.5656
32.1	45.5161
32.15	47.475
32.2	52.0429
32.25	26.6895
32.3	33.386
32.35	28.0741
32.4	36.2562
32.45	40.326
32.5	32.8155
32.55	41.3544
32.6	40.7205
32.65	46.7063
32.7	33.3984
32.75	31.5773
32.8	28.8808
32.85	26.7449
32.9	22.6557
32.95	14.1447
33	38.2966
33.05	38.9246
33.1	16.4384
33.15	22.7926
33.2	27.9817
33.25	35.9005
33.3	33.4498
33.35	42.9736
33.4	31.5526
33.45	16.7447
33.5	30.1896
33.55	31.7047
33.6	22.0753
33.65	18.7892
33.7	27.1332
33.75	41.6342
33.8	15.2314
33.85	31.4839
33.9	30.0041
33.95	22.7168
34	24.1972
34.05	25.4921
34.1	26.6502
34.15	29.7085
34.2	31.801
34.25	25.9393
34.3	37.8942
34.35	22.2964
34.4	34.9259
34.45	53.2584
34.5	22.7111
34.55	25.3714
34.6	21.4027
34.65	25.3757
34.7	22.583
34.75	29.0787
34.8	22.8043
34.85	30.108
34.9	37.0528
34.95	24.2803
35	18.5622
35.05	24.5296
35.1	32.7356
35.15	29.1733
35.2	36.2116
35.25	34.1281
35.3	24.3705
35.35	27.1833
35.4	28.4549
35.45	28.9582
35.5	13.7831
35.55	34.7465
35.6	30.4262
35.65	18.5967
35.7	22.4429
35.75	20.3224
35.8	10.6993
35.85	20.3305
35.9	32.5881
35.95	23.8051
36	33.6023
36.05	22.7183
36.1	16.3872
36.15	32.3746
36.2	18.0697
36.25	21.2442
36.3	27.5676
36.35	27.0869
36.4	23.161
36.45	13.6732
36.5	33.7235
36.55	24.4981
36.6	18.8679
36.65	25.019
36.7	11.2576
36.75	21.3486
36.8	24.1109
36.85	21.1217
36.9	26.0834
36.95	22.4621
37	23.057
37.05	29.9909
37.1	15.2535
37.15	32.3033
37.2	27.2728
37.25	20.188
37.3	25.9354
37.35	30.2697
37.4	22.1344
37.45	19.8781
37.5	21.7737
37.55	21.6022
37.6	21.0881
37.65	16.7021
37.7	18.243
37.75	21.4496
37.8	17.9682
37.85	12.2762
37.9	24.2134
37.95	12.4977
38	17.9961
38.05	10.8329
38.1	6.25001
38.15	14.9916
38.2	13.8247
38.25	15.5533
38.3	23.4587
38.35	7.62726
38.4	20.6757
38.45	15.6677
38.5	20.6484
38.55	15.2808
38.6	12.2218
38.65	22.576
38.7	7.7311
38.75	13.7226
38.8	16.7373
38.85	13.7776
38.9	26.2932
38.95	16.6153
39	31.1821
39.05	22.8276
39.1	15.4942
39.15	21.3514
39.2	21.8667
39.25	32.2857
39.3	20.2304
39.35	20.1788
39.4	15.8982
39.45	20.5243
39.5	20.4962
39.55	21.7717
39.6	37.6332
39.65	22.9546
39.7	26.475
39.75	12.1662
39.8	20.0767
39.85	25.8308
39.9	18.4085
39.95	27.6009
40	35.9037
40.05	27.2405
40.1	26.1392
40.15	20.3175
40.2	21.5504
40.25	13.9722
40.3	26.1693
40.35	23.3116
40.4	20.4339
40.45	23.165
40.5	19.1183
40.55	17.4525
40.6	20.968
40.65	38.7918
40.7	22.8137
40.75	9.28937
40.8	30.6879
40.85	23.2192
40.9	20.0115
40.95	12.3145
41	16.9716
41.05	16.9209
41.1	31.2919
41.15	18.1973
41.2	18.765
41.25	17.0777
41.3	31.1413
41.35	27.7725
41.4	19.9603
41.45	29.3791
41.5	21.8315
41.55	22.2228
41.6	27.8528
41.65	34.1153
41.7	48.0716
41.75	35.9585
41.8	44.1853
41.85	50.0665
41.9	29.9958
41.95	49.0222
42	48.6177
42.05	65.1195
42.1	65.8694
42.15	82.5986
42.2	95.8355
42.25	104.506
42.3	78.9086
42.35	109.355
42.4	91.5391
42.45	65.6751
42.5	85.295
42.55	80.7538
42.6	85.6992
42.65	90.1282
42.7	68.448
42.75	82.325
42.8	57.1835
42.85	68.5167
42.9	57.2391
42.95	65.0421
43	60.815
43.05	66.7252
43.1	84.419
43.15	57.3965
43.2	67.3202
43.25	49.7333
43.3	45.7896
43.35	46.7206
43.4	32.9729
43.45	25.3079
43.5	26.5039
43.55	31.4565
43.6	28.3269
43.65	28.1159
43.7	17.3533
43.75	26.6332
43.8	28.4148
43.85	22.0995
43.9	18.9776
43.95	14.4425
44	17.1023
44.05	23.5305
44.1	17.3023
44.15	12.7981
44.2	29.9206
44.25	23.6016
44.3	9.53347
44.35	20.6578
44.4	24.0327
44.45	11.2986
44.5	22.4066
44.55	17.2535
44.6	26.6738
44.65	19.0304
44.7	14.1449
44.75	17.3042
44.8	11.0438
44.85	12.5784
44.9	17.3486
44.95	14.076
45	21.9154
45.05	11.0345
45.1	17.5271
45.15	15.8336
45.2	20.5569
45.25	26.9231
45.3	11.081
45.35	22.1819
45.4	9.50389
45.45	23.848
45.5	11.0408
45.55	20.5304
45.6	22.1035
45.65	17.1077
45.7	25.319
45.75	22.3443
45.8	19.1692
45.85	25.5571
45.9	33.5614
45.95	17.4361
46	11.1401
46.05	29.4884
46.1	14.3307
46.15	19.2588
46.2	11.2427
46.25	17.5525
46.3	15.8305
46.35	20.4711
46.4	9.60107
46.45	14.4932
46.5	11.2351
46.55	20.2647
46.6	12.3635
46.65	20.3945
46.7	20.7003
46.75	23.8533
46.8	20.4195
46.85	23.5972
46.9	14.526
46.95	15.7629
47	29.0824
47.05	17.3734
47.1	23.9026
47.15	25.7152
47.2	18.9952
47.25	7.97288
47.3	20.7645
47.35	22.7676
47.4	17.2164
47.45	16.1433
47.5	20.8224
47.55	11.1391
47.6	11.245
47.65	17.8266
47.7	23.7522
47.75	17.7025
47.8	22.7247
47.85	15.7429
47.9	16.253
47.95	16.0127
48	16.165
48.05	21.1786
48.1	19.139
48.15	14.5578
48.2	14.4753
48.25	11.2474
48.3	14.5025
48.35	22.7321
48.4	14.6203
48.45	14.5442
48.5	19.5377
48.55	19.4569
48.6	19.6083
48.65	13.0827
48.7	14.6107
48.75	15.3697
48.8	15.6904
48.85	14.425
48.9	17.3761
48.95	19.5856
49	14.3539
49.05	17.7327
49.1	12.9815
49.15	14.3881
49.2	12.923
49.25	25.8696
49.3	14.7235
49.35	19.3905
49.4	24.7011
49.45	35.9484
49.5	16.2194
49.55	23.0686
49.6	19.6917
49.65	14.5394
49.7	14.9859
49.75	13.1455
49.8	12.9667
49.85	14.9183
49.9	20.1632
49.95	10.9663
50	9.61197
50.05	20.9872
50.1	9.70722
50.15	14.5156
50.2	18.0773
50.25	12.9752
50.3	17.9846
50.35	14.9781
50.4	16.4054
50.45	19.7099
50.5	13.1383
50.55	18.2172
50.6	11.5908
50.65	13.1776
50.7	19.7702
50.75	8.08374
50.8	21.813
50.85	12.7878
50.9	16.3142
50.95	16.2098
51	29.2263
51.05	21.4381
51.1	19.9695
51.15	24.7727
51.2	28.1312
51.25	21.3651
51.3	20.0394
51.35	8.30914
51.4	21.891
51.45	16.7601
51.5	10.9948
51.55	23.574
51.6	16.3207
51.65	16.4291
51.7	9.87461
51.75	14.8431
51.8	19.6626
51.85	11.6644
51.9	8.40108
51.95	14.9734
52	23.3845
52.05	18.7203
52.1	8.38717
52.15	15.419
52.2	19.3837
52.25	9.77311
52.3	21.6492
52.35	16.4708
52.4	13.2631
52.45	14.9694
52.5	18.4034
52.55	13.5768
52.6	13.523
52.65	6.81841
52.7	17.2838
52.75	17.6038
52.8	19.7836
52.85	13.0976
52.9	9.99735
52.95	15.009
53	10.2514
53.05	20.1333
53.1	15.3831
53.15	15.4141
53.2	13.0932
53.25	9.38189
53.3	11.5985
53.35	17.8501
53.4	11.8668
53.45	15.0923
53.5	18.6357
53.55	13.7133
53.6	15.3563
53.65	13.7591
53.7	23.4912
53.75	11.3898
53.8	9.91777
53.85	9.92363
53.9	8.46855
53.95	10.3123
54	22.2255
54.05	15.4129
54.1	22.609
54.15	23.1574
54.2	11.5125
54.25	6.62394
54.3	13.5227
54.35	11.8814
54.4	17.3893
54.45	18.8411
54.5	17.4266
54.55	22.0586
54.6	9.82564
54.65	13.2591
54.7	10.1944
54.75	18.8472
54.8	13.8122
54.85	6.91146
54.9	17.4625
54.95	12.4255
55	16.541
