140 45
139 46
140 46
137 47
138 47
139 47
142 47
143 47
145 47
146 47
149 47
150 47
136 48
137 48
138 48
139 48
140 48
141 48
142 48
143 48
144 48
145 48
146 48
147 48
148 48
149 48
150 48
151 48
134 49
135 49
136 49
137 49
138 49
139 49
140 49
141 49
142 49
143 49
144 49
145 49
146 49
147 49
148 49
149 49
150 49
151 49
152 49
132 50
133 50
134 50
135 50
136 50
137 50
138 50
139 50
140 50
141 50
142 50
143 50
144 50
145 50
146 50
147 50
148 50
149 50
150 50
151 50
152 50
153 50
130 51
131 51
132 51
133 51
134 51
135 51
136 51
137 51
138 51
139 51
140 51
141 51
142 51
143 51
144 51
145 51
146 51
147 51
148 51
149 51
150 51
151 51
152 51
153 51
154 51
129 52
130 52
131 52
132 52
133 52
134 52
135 52
136 52
137 52
138 52
139 52
140 52
141 52
142 52
143 52
144 52
145 52
146 52
147 52
148 52
149 52
150 52
151 52
152 52
153 52
154 52
155 52
128 53
129 53
130 53
131 53
132 53
133 53
134 53
135 53
136 53
137 53
138 53
139 53
140 53
141 53
142 53
143 53
144 53
145 53
146 53
147 53
148 53
149 53
150 53
151 53
152 53
153 53
154 53
155 53
156 53
127 54
128 54
129 54
130 54
131 54
132 54
133 54
134 54
135 54
136 54
137 54
138 54
139 54
140 54
141 54
142 54
143 54
144 54
145 54
146 54
147 54
148 54
149 54
150 54
151 54
152 54
153 54
154 54
155 54
156 54
157 54
126 55
127 55
128 55
129 55
130 55
131 55
132 55
133 55
134 55
135 55
136 55
137 55
138 55
139 55
140 55
141 55
142 55
143 55
144 55
145 55
146 55
147 55
148 55
149 55
150 55
151 55
152 55
153 55
154 55
155 55
156 55
157 55
158 55
159 55
160 55
125 56
126 56
127 56
128 56
129 56
130 56
131 56
132 56
133 56
134 56
135 56
136 56
137 56
138 56
139 56
140 56
141 56
142 56
143 56
144 56
145 56
146 56
147 56
148 56
149 56
150 56
151 56
152 56
153 56
154 56
155 56
156 56
157 56
158 56
159 56
160 56
125 57
126 57
127 57
128 57
129 57
130 57
132 57
133 57
134 57
135 57
136 57
137 57
138 57
139 57
140 57
141 57
142 57
143 57
144 57
145 57
146 57
147 57
148 57
149 57
150 57
151 57
152 57
153 57
154 57
155 57
156 57
157 57
158 57
159 57
160 57
124 58
125 58
126 58
127 58
128 58
129 58
130 58
131 58
132 58
133 58
134 58
135 58
136 58
137 58
138 58
139 58
140 58
141 58
142 58
143 58
144 58
145 58
146 58
147 58
148 58
149 58
150 58
151 58
152 58
153 58
154 58
155 58
156 58
157 58
158 58
159 58
160 58
123 59
124 59
125 59
126 59
127 59
128 59
129 59
130 59
131 59
132 59
133 59
134 59
135 59
136 59
137 59
138 59
139 59
140 59
141 59
142 59
143 59
144 59
145 59
146 59
147 59
148 59
149 59
150 59
151 59
152 59
153 59
154 59
155 59
156 59
157 59
158 59
159 59
160 59
122 60
123 60
124 60
125 60
126 60
127 60
128 60
129 60
130 60
131 60
132 60
133 60
134 60
135 60
136 60
137 60
138 60
139 60
140 60
141 60
142 60
143 60
144 60
145 60
146 60
147 60
148 60
149 60
150 60
151 60
152 60
153 60
154 60
155 60
156 60
157 60
158 60
159 60
160 60
122 61
123 61
124 61
125 61
126 61
127 61
128 61
129 61
130 61
131 61
132 61
133 61
134 61
135 61
136 61
137 61
138 61
139 61
140 61
141 61
142 61
143 61
144 61
145 61
146 61
147 61
148 61
149 61
150 61
151 61
152 61
153 61
154 61
155 61
156 61
157 61
158 61
159 61
160 61
121 62
122 62
123 62
124 62
125 62
126 62
127 62
128 62
129 62
130 62
131 62
132 62
133 62
134 62
135 62
136 62
137 62
138 62
139 62
140 62
141 62
142 62
143 62
144 62
145 62
146 62
147 62
148 62
149 62
150 62
151 62
152 62
153 62
154 62
155 62
156 62
157 62
158 62
159 62
160 62
121 63
122 63
123 63
124 63
125 63
126 63
127 63
128 63
129 63
130 63
131 63
132 63
133 63
134 63
135 63
136 63
137 63
138 63
139 63
140 63
141 63
142 63
143 63
144 63
145 63
146 63
147 63
148 63
149 63
150 63
151 63
152 63
153 63
154 63
155 63
156 63
157 63
158 63
159 63
160 63
121 64
122 64
123 64
124 64
125 64
126 64
127 64
128 64
129 64
130 64
131 64
132 64
133 64
134 64
135 64
136 64
137 64
138 64
139 64
140 64
141 64
142 64
143 64
144 64
145 64
146 64
147 64
148 64
149 64
150 64
151 64
152 64
153 64
154 64
155 64
156 64
157 64
158 64
159 64
160 64
120 65
121 65
122 65
123 65
124 65
125 65
126 65
127 65
128 65
129 65
130 65
131 65
132 65
133 65
134 65
135 65
136 65
137 65
138 65
139 65
140 65
141 65
142 65
143 65
144 65
145 65
146 65
147 65
148 65
149 65
150 65
151 65
152 65
153 65
154 65
155 65
156 65
157 65
158 65
159 65
160 65
120 66
121 66
122 66
123 66
124 66
125 66
126 66
127 66
128 66
129 66
130 66
131 66
132 66
133 66
134 66
135 66
136 66
137 66
138 66
139 66
140 66
141 66
142 66
143 66
144 66
145 66
146 66
147 66
148 66
149 66
150 66
151 66
152 66
153 66
154 66
155 66
156 66
157 66
158 66
159 66
160 66
161 66
119 67
120 67
121 67
122 67
123 67
124 67
125 67
126 67
127 67
128 67
129 67
130 67
131 67
132 67
133 67
134 67
135 67
136 67
137 67
138 67
139 67
140 67
141 67
142 67
143 67
144 67
145 67
146 67
147 67
148 67
149 67
150 67
151 67
152 67
153 67
154 67
155 67
156 67
157 67
158 67
159 67
160 67
161 67
162 67
118 68
119 68
120 68
121 68
122 68
123 68
124 68
125 68
126 68
127 68
128 68
129 68
130 68
131 68
132 68
133 68
134 68
135 68
136 68
137 68
138 68
139 68
140 68
141 68
142 68
143 68
144 68
145 68
146 68
147 68
148 68
149 68
150 68
151 68
152 68
153 68
154 68
155 68
156 68
157 68
158 68
159 68
160 68
161 68
162 68
163 68
118 69
119 69
120 69
121 69
122 69
123 69
124 69
125 69
126 69
127 69
128 69
129 69
130 69
131 69
132 69
133 69
134 69
135 69
136 69
137 69
138 69
139 69
140 69
141 69
142 69
143 69
144 69
145 69
146 69
147 69
148 69
149 69
150 69
151 69
152 69
153 69
154 69
155 69
156 69
157 69
158 69
159 69
160 69
161 69
162 69
163 69
164 69
118 70
119 70
120 70
121 70
122 70
123 70
124 70
125 70
126 70
127 70
128 70
129 70
130 70
131 70
132 70
133 70
134 70
135 70
136 70
137 70
138 70
139 70
140 70
141 70
142 70
143 70
144 70
145 70
146 70
147 70
148 70
149 70
150 70
151 70
152 70
153 70
154 70
155 70
156 70
157 70
158 70
159 70
160 70
161 70
162 70
163 70
164 70
165 70
118 71
119 71
120 71
121 71
122 71
123 71
124 71
125 71
126 71
127 71
128 71
129 71
130 71
131 71
132 71
133 71
134 71
135 71
136 71
137 71
138 71
139 71
140 71
141 71
142 71
143 71
144 71
145 71
146 71
147 71
148 71
149 71
150 71
151 71
152 71
153 71
154 71
155 71
156 71
157 71
158 71
159 71
160 71
161 71
162 71
163 71
164 71
165 71
166 71
167 71
168 71
118 72
119 72
120 72
121 72
122 72
123 72
124 72
125 72
126 72
127 72
128 72
129 72
130 72
131 72
132 72
133 72
134 72
135 72
136 72
137 72
138 72
139 72
140 72
141 72
142 72
143 72
144 72
145 72
146 72
147 72
148 72
149 72
150 72
151 72
152 72
153 72
154 72
155 72
156 72
157 72
158 72
159 72
160 72
161 72
162 72
163 72
164 72
165 72
166 72
167 72
168 72
117 73
118 73
119 73
121 73
122 73
123 73
124 73
125 73
126 73
127 73
128 73
129 73
130 73
131 73
132 73
133 73
134 73
135 73
136 73
137 73
138 73
139 73
140 73
141 73
142 73
143 73
144 73
145 73
146 73
147 73
148 73
149 73
150 73
151 73
152 73
153 73
154 73
155 73
156 73
157 73
158 73
159 73
160 73
161 73
162 73
163 73
164 73
165 73
166 73
167 73
168 73
117 74
118 74
122 74
123 74
124 74
125 74
126 74
127 74
128 74
129 74
130 74
131 74
132 74
133 74
134 74
135 74
136 74
137 74
138 74
139 74
140 74
141 74
142 74
143 74
144 74
145 74
146 74
147 74
148 74
149 74
150 74
151 74
152 74
153 74
154 74
155 74
156 74
157 74
158 74
159 74
160 74
161 74
162 74
163 74
164 74
165 74
166 74
167 74
168 74
117 75
118 75
122 75
123 75
124 75
125 75
126 75
127 75
128 75
129 75
130 75
131 75
132 75
133 75
134 75
135 75
136 75
137 75
138 75
139 75
140 75
141 75
142 75
143 75
144 75
145 75
146 75
147 75
148 75
149 75
150 75
151 75
152 75
153 75
154 75
155 75
156 75
157 75
158 75
159 75
160 75
161 75
162 75
163 75
164 75
165 75
166 75
167 75
168 75
117 76
118 76
119 76
121 76
122 76
123 76
124 76
125 76
126 76
127 76
128 76
129 76
130 76
131 76
132 76
133 76
134 76
135 76
136 76
137 76
138 76
139 76
140 76
141 76
142 76
143 76
144 76
145 76
146 76
147 76
148 76
149 76
150 76
151 76
152 76
153 76
155 76
156 76
157 76
158 76
159 76
160 76
161 76
162 76
163 76
164 76
165 76
166 76
167 76
168 76
90 77
117 77
118 77
119 77
120 77
121 77
122 77
123 77
124 77
125 77
126 77
127 77
128 77
129 77
130 77
131 77
132 77
133 77
134 77
135 77
136 77
137 77
138 77
139 77
140 77
141 77
142 77
143 77
144 77
145 77
146 77
147 77
148 77
149 77
150 77
151 77
152 77
156 77
157 77
158 77
159 77
160 77
161 77
162 77
163 77
164 77
165 77
166 77
167 77
168 77
89 78
90 78
117 78
118 78
119 78
120 78
121 78
122 78
123 78
124 78
125 78
126 78
127 78
128 78
129 78
130 78
131 78
132 78
133 78
134 78
135 78
136 78
137 78
138 78
139 78
140 78
141 78
142 78
143 78
144 78
145 78
146 78
147 78
148 78
149 78
150 78
151 78
156 78
157 78
158 78
159 78
160 78
161 78
162 78
163 78
164 78
165 78
166 78
167 78
168 78
88 79
89 79
90 79
116 79
117 79
118 79
119 79
120 79
121 79
122 79
123 79
124 79
125 79
126 79
127 79
128 79
129 79
130 79
131 79
132 79
133 79
134 79
135 79
136 79
137 79
138 79
139 79
140 79
141 79
142 79
143 79
144 79
145 79
146 79
147 79
148 79
149 79
150 79
151 79
152 79
155 79
156 79
157 79
158 79
159 79
160 79
161 79
162 79
163 79
164 79
165 79
166 79
167 79
168 79
88 80
89 80
90 80
116 80
117 80
118 80
119 80
120 80
121 80
122 80
123 80
124 80
125 80
126 80
127 80
128 80
129 80
130 80
131 80
132 80
133 80
134 80
135 80
136 80
137 80
138 80
139 80
140 80
141 80
142 80
143 80
144 80
145 80
146 80
147 80
148 80
149 80
150 80
151 80
152 80
153 80
154 80
155 80
156 80
157 80
158 80
159 80
160 80
161 80
162 80
163 80
164 80
165 80
166 80
167 80
168 80
88 81
89 81
90 81
116 81
117 81
118 81
119 81
120 81
121 81
122 81
123 81
124 81
125 81
126 81
127 81
128 81
129 81
130 81
131 81
132 81
133 81
134 81
135 81
136 81
137 81
138 81
139 81
140 81
141 81
142 81
143 81
144 81
145 81
146 81
147 81
148 81
149 81
150 81
151 81
152 81
153 81
154 81
155 81
156 81
157 81
158 81
159 81
160 81
161 81
162 81
163 81
164 81
165 81
166 81
167 81
168 81
88 82
89 82
90 82
116 82
117 82
118 82
119 82
120 82
121 82
122 82
123 82
124 82
125 82
126 82
127 82
128 82
129 82
130 82
131 82
132 82
133 82
134 82
135 82
136 82
137 82
138 82
139 82
140 82
141 82
142 82
143 82
144 82
145 82
146 82
147 82
148 82
149 82
150 82
151 82
152 82
153 82
154 82
155 82
156 82
157 82
158 82
159 82
160 82
161 82
162 82
163 82
164 82
165 82
166 82
167 82
168 82
169 82
88 83
89 83
90 83
116 83
117 83
118 83
119 83
120 83
121 83
122 83
123 83
124 83
125 83
126 83
127 83
128 83
129 83
130 83
131 83
132 83
133 83
134 83
135 83
136 83
137 83
138 83
139 83
140 83
141 83
142 83
143 83
144 83
145 83
146 83
147 83
148 83
149 83
150 83
151 83
152 83
153 83
154 83
155 83
156 83
157 83
158 83
159 83
160 83
161 83
162 83
163 83
164 83
165 83
166 83
167 83
168 83
169 83
170 83
89 84
90 84
116 84
117 84
118 84
119 84
120 84
121 84
122 84
123 84
124 84
125 84
126 84
127 84
128 84
129 84
130 84
131 84
132 84
133 84
134 84
135 84
136 84
137 84
138 84
139 84
140 84
141 84
142 84
143 84
144 84
145 84
146 84
147 84
148 84
149 84
150 84
151 84
152 84
153 84
154 84
155 84
156 84
157 84
158 84
159 84
160 84
161 84
162 84
163 84
164 84
165 84
166 84
167 84
168 84
169 84
170 84
171 84
90 85
91 85
116 85
117 85
118 85
119 85
120 85
121 85
122 85
123 85
124 85
125 85
126 85
127 85
128 85
129 85
130 85
131 85
132 85
133 85
134 85
135 85
136 85
137 85
138 85
139 85
140 85
141 85
142 85
143 85
144 85
145 85
146 85
147 85
148 85
149 85
150 85
151 85
152 85
153 85
154 85
155 85
156 85
157 85
158 85
159 85
160 85
161 85
162 85
163 85
164 85
165 85
166 85
167 85
168 85
169 85
170 85
171 85
172 85
91 86
92 86
116 86
117 86
118 86
119 86
120 86
121 86
122 86
123 86
124 86
125 86
126 86
127 86
128 86
129 86
130 86
131 86
132 86
133 86
134 86
135 86
136 86
137 86
138 86
139 86
140 86
141 86
142 86
143 86
144 86
145 86
146 86
147 86
148 86
149 86
150 86
151 86
152 86
153 86
154 86
155 86
156 86
157 86
158 86
159 86
160 86
161 86
162 86
163 86
164 86
165 86
166 86
167 86
168 86
169 86
170 86
171 86
172 86
173 86
92 87
93 87
94 87
116 87
118 87
119 87
120 87
121 87
122 87
123 87
124 87
125 87
126 87
127 87
128 87
129 87
130 87
131 87
132 87
133 87
134 87
135 87
136 87
137 87
138 87
139 87
140 87
141 87
142 87
143 87
144 87
145 87
146 87
147 87
148 87
149 87
150 87
151 87
152 87
153 87
154 87
155 87
156 87
157 87
158 87
159 87
160 87
161 87
162 87
163 87
164 87
165 87
166 87
167 87
168 87
169 87
170 87
171 87
172 87
173 87
174 87
175 87
176 87
93 88
94 88
117 88
118 88
119 88
120 88
121 88
122 88
123 88
124 88
125 88
126 88
127 88
128 88
129 88
130 88
131 88
132 88
133 88
134 88
135 88
136 88
137 88
138 88
139 88
140 88
141 88
142 88
143 88
144 88
145 88
146 88
147 88
148 88
149 88
150 88
151 88
152 88
153 88
154 88
155 88
156 88
157 88
158 88
159 88
160 88
161 88
162 88
163 88
164 88
165 88
166 88
167 88
168 88
169 88
170 88
171 88
172 88
173 88
174 88
175 88
176 88
118 89
119 89
120 89
121 89
122 89
123 89
124 89
125 89
126 89
127 89
128 89
129 89
130 89
131 89
132 89
133 89
134 89
135 89
136 89
137 89
138 89
139 89
140 89
141 89
142 89
143 89
144 89
145 89
146 89
147 89
148 89
149 89
150 89
151 89
152 89
153 89
154 89
155 89
156 89
157 89
158 89
159 89
160 89
161 89
162 89
163 89
164 89
165 89
166 89
167 89
168 89
169 89
170 89
171 89
172 89
173 89
174 89
175 89
176 89
118 90
119 90
120 90
121 90
122 90
123 90
124 90
125 90
126 90
127 90
128 90
129 90
130 90
131 90
132 90
133 90
134 90
135 90
136 90
137 90
138 90
139 90
140 90
141 90
142 90
143 90
144 90
145 90
146 90
147 90
148 90
149 90
150 90
151 90
152 90
153 90
154 90
155 90
156 90
157 90
158 90
159 90
160 90
161 90
162 90
163 90
164 90
165 90
166 90
167 90
168 90
169 90
170 90
171 90
172 90
173 90
174 90
175 90
119 91
120 91
121 91
122 91
123 91
124 91
125 91
126 91
127 91
128 91
129 91
130 91
131 91
132 91
133 91
134 91
135 91
136 91
137 91
138 91
139 91
140 91
141 91
142 91
143 91
144 91
145 91
146 91
147 91
148 91
149 91
150 91
151 91
152 91
153 91
154 91
155 91
156 91
157 91
158 91
159 91
160 91
161 91
162 91
163 91
164 91
165 91
166 91
167 91
168 91
169 91
170 91
171 91
172 91
173 91
174 91
175 91
176 91
119 92
120 92
121 92
122 92
123 92
124 92
125 92
126 92
127 92
128 92
129 92
130 92
131 92
132 92
133 92
134 92
135 92
136 92
137 92
138 92
139 92
140 92
141 92
142 92
143 92
144 92
145 92
146 92
147 92
148 92
149 92
150 92
151 92
152 92
153 92
154 92
155 92
156 92
157 92
158 92
159 92
160 92
161 92
162 92
163 92
164 92
165 92
166 92
167 92
168 92
169 92
170 92
171 92
172 92
173 92
174 92
175 92
120 93
121 93
122 93
123 93
124 93
125 93
126 93
127 93
128 93
129 93
130 93
131 93
132 93
133 93
134 93
135 93
136 93
137 93
138 93
139 93
140 93
141 93
142 93
143 93
144 93
145 93
146 93
147 93
148 93
149 93
150 93
151 93
152 93
153 93
154 93
155 93
156 93
157 93
158 93
159 93
160 93
161 93
162 93
163 93
164 93
165 93
166 93
167 93
168 93
169 93
170 93
171 93
172 93
173 93
174 93
175 93
120 94
121 94
122 94
123 94
124 94
125 94
126 94
127 94
128 94
129 94
130 94
131 94
132 94
133 94
134 94
135 94
136 94
137 94
138 94
139 94
140 94
141 94
142 94
143 94
144 94
145 94
146 94
147 94
148 94
149 94
150 94
151 94
152 94
153 94
154 94
155 94
156 94
157 94
158 94
159 94
160 94
161 94
162 94
163 94
164 94
165 94
166 94
167 94
168 94
169 94
170 94
171 94
172 94
173 94
174 94
175 94
120 95
121 95
123 95
124 95
125 95
126 95
127 95
128 95
129 95
130 95
131 95
132 95
133 95
134 95
135 95
136 95
137 95
138 95
139 95
140 95
141 95
142 95
143 95
144 95
145 95
146 95
147 95
148 95
149 95
150 95
151 95
152 95
153 95
154 95
155 95
156 95
157 95
158 95
159 95
160 95
161 95
162 95
163 95
164 95
165 95
166 95
167 95
168 95
169 95
170 95
171 95
172 95
173 95
174 95
175 95
120 96
121 96
122 96
123 96
124 96
125 96
126 96
127 96
128 96
129 96
130 96
131 96
132 96
133 96
134 96
135 96
136 96
137 96
138 96
139 96
140 96
141 96
142 96
143 96
144 96
145 96
146 96
147 96
148 96
149 96
150 96
151 96
152 96
153 96
154 96
155 96
156 96
157 96
158 96
159 96
160 96
161 96
162 96
163 96
164 96
165 96
166 96
167 96
168 96
169 96
170 96
171 96
172 96
173 96
174 96
175 96
24 97
25 97
120 97
121 97
122 97
123 97
124 97
125 97
126 97
127 97
128 97
129 97
130 97
131 97
132 97
133 97
134 97
135 97
136 97
137 97
138 97
139 97
140 97
141 97
142 97
143 97
144 97
145 97
146 97
147 97
148 97
149 97
150 97
151 97
152 97
153 97
154 97
155 97
156 97
157 97
158 97
159 97
160 97
161 97
162 97
163 97
164 97
165 97
166 97
167 97
168 97
169 97
170 97
171 97
172 97
173 97
174 97
175 97
176 97
121 98
122 98
123 98
124 98
125 98
126 98
127 98
128 98
129 98
130 98
131 98
132 98
133 98
134 98
135 98
136 98
137 98
138 98
139 98
140 98
141 98
142 98
143 98
144 98
145 98
146 98
147 98
148 98
149 98
150 98
151 98
152 98
153 98
155 98
156 98
157 98
158 98
159 98
160 98
161 98
162 98
163 98
164 98
165 98
166 98
167 98
168 98
169 98
170 98
171 98
172 98
173 98
174 98
175 98
176 98
121 99
122 99
123 99
124 99
125 99
126 99
127 99
128 99
129 99
130 99
131 99
132 99
133 99
134 99
135 99
136 99
137 99
138 99
139 99
140 99
141 99
142 99
143 99
144 99
145 99
146 99
147 99
148 99
149 99
150 99
151 99
152 99
153 99
154 99
155 99
156 99
157 99
158 99
159 99
160 99
161 99
162 99
163 99
164 99
165 99
166 99
167 99
168 99
169 99
170 99
171 99
172 99
173 99
174 99
175 99
176 99
122 100
123 100
124 100
125 100
126 100
127 100
128 100
129 100
130 100
131 100
132 100
133 100
134 100
135 100
136 100
137 100
138 100
139 100
140 100
141 100
142 100
143 100
144 100
145 100
146 100
147 100
148 100
149 100
150 100
151 100
152 100
153 100
154 100
155 100
156 100
157 100
158 100
159 100
160 100
161 100
162 100
163 100
164 100
165 100
166 100
167 100
168 100
169 100
170 100
171 100
172 100
173 100
174 100
175 100
176 100
122 101
123 101
124 101
125 101
126 101
127 101
128 101
129 101
130 101
131 101
132 101
133 101
134 101
135 101
136 101
137 101
138 101
139 101
140 101
141 101
142 101
143 101
144 101
145 101
146 101
147 101
148 101
149 101
150 101
151 101
152 101
153 101
154 101
155 101
156 101
157 101
158 101
159 101
160 101
161 101
162 101
163 101
164 101
165 101
166 101
167 101
168 101
169 101
170 101
171 101
172 101
173 101
174 101
175 101
176 101
123 102
124 102
125 102
126 102
127 102
128 102
129 102
130 102
131 102
132 102
133 102
134 102
135 102
136 102
137 102
138 102
139 102
140 102
141 102
142 102
143 102
144 102
145 102
146 102
147 102
148 102
149 102
150 102
151 102
152 102
153 102
154 102
155 102
156 102
157 102
158 102
159 102
160 102
161 102
162 102
163 102
164 102
165 102
166 102
167 102
168 102
169 102
170 102
171 102
172 102
173 102
174 102
175 102
176 102
123 103
124 103
125 103
126 103
127 103
128 103
129 103
130 103
131 103
132 103
133 103
134 103
135 103
136 103
137 103
138 103
139 103
140 103
141 103
142 103
143 103
144 103
145 103
146 103
147 103
148 103
149 103
150 103
151 103
152 103
153 103
154 103
155 103
156 103
157 103
158 103
159 103
160 103
161 103
162 103
163 103
164 103
165 103
166 103
167 103
168 103
169 103
170 103
171 103
172 103
173 103
174 103
175 103
176 103
124 104
125 104
126 104
127 104
128 104
129 104
130 104
131 104
132 104
133 104
134 104
135 104
136 104
137 104
138 104
139 104
140 104
141 104
142 104
143 104
144 104
145 104
146 104
147 104
148 104
149 104
150 104
151 104
152 104
153 104
154 104
155 104
156 104
157 104
158 104
159 104
160 104
161 104
162 104
163 104
164 104
165 104
166 104
167 104
168 104
169 104
170 104
171 104
172 104
173 104
174 104
175 104
176 104
124 105
125 105
126 105
127 105
128 105
129 105
130 105
131 105
132 105
133 105
134 105
135 105
136 105
137 105
138 105
139 105
140 105
141 105
142 105
143 105
144 105
145 105
146 105
147 105
148 105
149 105
150 105
151 105
152 105
153 105
154 105
155 105
156 105
157 105
158 105
159 105
160 105
161 105
162 105
163 105
164 105
165 105
166 105
167 105
168 105
169 105
170 105
171 105
172 105
173 105
174 105
175 105
176 105
125 106
126 106
127 106
128 106
129 106
130 106
131 106
132 106
133 106
134 106
135 106
136 106
137 106
138 106
139 106
140 106
141 106
142 106
143 106
144 106
145 106
146 106
147 106
148 106
149 106
150 106
151 106
152 106
153 106
155 106
156 106
157 106
158 106
159 106
160 106
161 106
162 106
163 106
164 106
165 106
166 106
167 106
168 106
169 106
170 106
171 106
172 106
173 106
174 106
175 106
176 106
126 107
127 107
128 107
129 107
130 107
131 107
132 107
133 107
134 107
135 107
136 107
137 107
138 107
139 107
140 107
141 107
142 107
143 107
144 107
145 107
146 107
147 107
148 107
149 107
150 107
151 107
152 107
153 107
154 107
155 107
156 107
157 107
158 107
159 107
160 107
161 107
162 107
163 107
164 107
165 107
166 107
167 107
168 107
169 107
170 107
171 107
172 107
173 107
174 107
175 107
176 107
127 108
128 108
129 108
130 108
131 108
132 108
133 108
134 108
135 108
136 108
137 108
138 108
139 108
140 108
141 108
142 108
143 108
144 108
145 108
146 108
147 108
148 108
149 108
150 108
151 108
152 108
153 108
154 108
155 108
156 108
157 108
158 108
159 108
160 108
161 108
162 108
163 108
164 108
165 108
166 108
167 108
168 108
169 108
170 108
171 108
172 108
173 108
174 108
175 108
176 108
128 109
129 109
130 109
131 109
132 109
133 109
134 109
135 109
136 109
137 109
138 109
139 109
140 109
141 109
142 109
143 109
144 109
145 109
146 109
147 109
148 109
149 109
150 109
151 109
152 109
153 109
154 109
155 109
156 109
157 109
158 109
159 109
160 109
161 109
162 109
163 109
164 109
165 109
166 109
167 109
168 109
169 109
170 109
171 109
172 109
173 109
174 109
175 109
176 109
129 110
130 110
131 110
132 110
133 110
134 110
135 110
136 110
137 110
138 110
139 110
140 110
141 110
142 110
143 110
144 110
145 110
146 110
147 110
148 110
149 110
150 110
151 110
152 110
153 110
154 110
155 110
156 110
157 110
158 110
159 110
160 110
161 110
162 110
163 110
164 110
165 110
166 110
167 110
168 110
169 110
173 110
174 110
175 110
176 110
130 111
131 111
132 111
133 111
134 111
135 111
136 111
137 111
138 111
139 111
140 111
141 111
142 111
143 111
144 111
145 111
146 111
147 111
148 111
149 111
150 111
151 111
152 111
153 111
154 111
155 111
156 111
157 111
158 111
159 111
160 111
161 111
162 111
163 111
164 111
165 111
166 111
167 111
168 111
169 111
170 111
173 111
175 111
131 112
132 112
133 112
134 112
135 112
136 112
137 112
138 112
139 112
140 112
141 112
142 112
143 112
144 112
145 112
146 112
147 112
148 112
149 112
150 112
151 112
152 112
153 112
154 112
155 112
156 112
157 112
158 112
159 112
160 112
161 112
162 112
163 112
164 112
165 112
166 112
167 112
168 112
169 112
170 112
171 112
172 112
133 113
134 113
135 113
136 113
137 113
138 113
139 113
140 113
142 113
143 113
144 113
145 113
146 113
147 113
148 113
149 113
150 113
151 113
152 113
153 113
154 113
155 113
156 113
157 113
158 113
159 113
160 113
161 113
162 113
163 113
164 113
165 113
166 113
167 113
168 113
169 113
170 113
171 113
135 114
136 114
137 114
138 114
139 114
140 114
141 114
142 114
143 114
144 114
145 114
146 114
147 114
148 114
149 114
150 114
151 114
152 114
153 114
154 114
155 114
156 114
157 114
158 114
159 114
160 114
161 114
162 114
163 114
164 114
165 114
166 114
167 114
168 114
169 114
170 114
171 114
137 115
138 115
139 115
140 115
141 115
142 115
143 115
144 115
145 115
146 115
147 115
148 115
149 115
150 115
151 115
152 115
153 115
154 115
155 115
156 115
157 115
158 115
159 115
160 115
161 115
162 115
163 115
164 115
165 115
166 115
167 115
168 115
169 115
170 115
171 115
175 115
139 116
140 116
141 116
142 116
143 116
144 116
145 116
146 116
147 116
148 116
149 116
150 116
151 116
152 116
153 116
154 116
155 116
156 116
157 116
158 116
159 116
160 116
161 116
162 116
163 116
164 116
165 116
166 116
167 116
168 116
169 116
170 116
171 116
24 117
141 117
142 117
143 117
144 117
145 117
146 117
147 117
148 117
149 117
150 117
151 117
152 117
153 117
154 117
155 117
156 117
157 117
158 117
159 117
160 117
161 117
162 117
163 117
164 117
165 117
166 117
167 117
168 117
169 117
170 117
171 117
172 117
24 118
143 118
144 118
145 118
146 118
147 118
148 118
149 118
150 118
151 118
152 118
153 118
154 118
155 118
156 118
157 118
158 118
159 118
160 118
161 118
162 118
163 118
164 118
165 118
166 118
167 118
168 118
169 118
170 118
24 119
147 119
148 119
149 119
153 119
154 119
155 119
156 119
157 119
158 119
159 119
160 119
161 119
162 119
163 119
164 119
165 119
166 119
167 119
22 120
23 120
24 120
25 120
26 120
176 120
22 121
23 121
24 121
25 121
26 121
175 121
176 121
22 122
23 122
24 122
25 122
26 122
174 122
175 122
176 122
23 123
24 123
25 123
174 123
175 123
176 123
23 124
24 124
173 124
174 124
176 124
23 125
24 125
172 125
173 125
175 125
176 125
23 126
171 126
172 126
173 126
174 126
175 126
176 126
23 127
171 127
172 127
173 127
174 127
175 127
176 127
23 128
172 128
173 128
