96 22
97 22
98 22
99 22
100 22
101 22
102 22
103 22
104 22
96 23
97 23
98 23
99 23
100 23
101 23
102 23
103 23
104 23
97 24
98 24
99 24
100 24
101 24
102 24
103 24
104 24
97 25
98 25
102 25
103 25
102 26
103 26
104 26
110 26
111 26
119 28
129 28
130 28
131 28
132 28
133 28
134 28
123 29
124 29
125 29
126 29
127 29
128 29
129 29
130 29
131 29
132 29
133 29
134 29
122 30
123 30
124 30
125 30
126 30
127 30
128 30
129 30
130 30
131 30
132 30
133 30
134 30
122 31
123 31
124 31
125 31
126 31
127 31
128 31
129 31
130 31
131 31
132 31
133 31
74 32
75 32
76 32
77 32
123 32
124 32
125 32
126 32
127 32
73 33
74 33
75 33
76 33
77 33
125 33
73 34
74 34
75 34
76 34
132 34
139 34
72 35
73 35
74 35
75 35
76 35
105 35
109 35
110 35
138 35
139 35
140 35
66 36
67 36
102 36
103 36
107 36
108 36
109 36
110 36
131 36
132 36
138 36
139 36
140 36
141 36
65 37
66 37
67 37
74 37
75 37
102 37
103 37
107 37
108 37
109 37
110 37
131 37
132 37
133 37
138 37
139 37
140 37
141 37
142 37
60 38
61 38
62 38
63 38
64 38
65 38
66 38
67 38
68 38
132 38
133 38
138 38
139 38
140 38
142 38
146 38
59 39
60 39
61 39
62 39
63 39
64 39
65 39
66 39
67 39
68 39
69 39
91 39
92 39
93 39
153 39
58 40
59 40
60 40
61 40
62 40
63 40
64 40
65 40
66 40
67 40
68 40
69 40
70 40
90 40
91 40
92 40
93 40
94 40
153 40
154 40
155 40
58 41
59 41
60 41
61 41
62 41
63 41
64 41
65 41
66 41
67 41
68 41
89 41
90 41
91 41
92 41
93 41
146 41
153 41
154 41
155 41
156 41
157 41
158 41
58 42
59 42
60 42
61 42
62 42
63 42
64 42
65 42
66 42
67 42
87 42
88 42
89 42
91 42
94 42
95 42
100 42
139 42
140 42
142 42
143 42
144 42
145 42
146 42
147 42
152 42
153 42
154 42
155 42
156 42
157 42
158 42
159 42
59 43
60 43
61 43
62 43
63 43
88 43
94 43
95 43
96 43
97 43
98 43
99 43
100 43
101 43
125 43
139 43
140 43
141 43
142 43
143 43
144 43
145 43
146 43
147 43
148 43
152 43
153 43
154 43
155 43
156 43
157 43
158 43
159 43
60 44
61 44
62 44
95 44
96 44
97 44
98 44
99 44
100 44
101 44
102 44
116 44
117 44
118 44
125 44
139 44
140 44
141 44
142 44
143 44
144 44
145 44
146 44
147 44
148 44
152 44
153 44
154 44
155 44
156 44
157 44
158 44
159 44
60 45
61 45
62 45
99 45
100 45
101 45
102 45
103 45
107 45
116 45
117 45
118 45
139 45
140 45
141 45
142 45
143 45
144 45
145 45
146 45
147 45
153 45
154 45
155 45
156 45
157 45
158 45
159 45
54 46
60 46
61 46
62 46
63 46
84 46
85 46
86 46
100 46
101 46
102 46
106 46
107 46
108 46
109 46
110 46
116 46
117 46
118 46
119 46
141 46
143 46
144 46
145 46
146 46
147 46
154 46
155 46
156 46
157 46
158 46
159 46
160 46
161 46
55 47
56 47
57 47
58 47
59 47
60 47
61 47
62 47
63 47
64 47
65 47
66 47
67 47
68 47
69 47
83 47
84 47
85 47
86 47
101 47
102 47
107 47
108 47
109 47
110 47
111 47
115 47
116 47
117 47
118 47
142 47
145 47
146 47
147 47
154 47
155 47
156 47
157 47
158 47
159 47
160 47
161 47
162 47
54 48
55 48
56 48
57 48
58 48
59 48
60 48
61 48
62 48
63 48
64 48
65 48
66 48
67 48
68 48
70 48
83 48
84 48
85 48
86 48
87 48
88 48
105 48
106 48
107 48
108 48
109 48
110 48
111 48
112 48
113 48
114 48
115 48
116 48
117 48
118 48
146 48
147 48
148 48
154 48
155 48
156 48
157 48
158 48
159 48
160 48
161 48
162 48
54 49
55 49
56 49
57 49
58 49
59 49
60 49
61 49
62 49
63 49
64 49
65 49
66 49
67 49
68 49
69 49
71 49
72 49
84 49
85 49
86 49
87 49
88 49
104 49
105 49
106 49
107 49
108 49
109 49
110 49
111 49
112 49
113 49
114 49
115 49
116 49
117 49
145 49
146 49
147 49
148 49
149 49
150 49
151 49
152 49
153 49
154 49
155 49
156 49
157 49
158 49
159 49
160 49
161 49
162 49
54 50
55 50
56 50
57 50
58 50
59 50
60 50
61 50
62 50
63 50
64 50
65 50
66 50
67 50
68 50
69 50
70 50
85 50
86 50
87 50
88 50
89 50
104 50
105 50
106 50
107 50
108 50
109 50
110 50
111 50
112 50
113 50
114 50
115 50
116 50
117 50
131 50
141 50
142 50
143 50
144 50
145 50
146 50
147 50
148 50
149 50
150 50
151 50
152 50
153 50
154 50
155 50
156 50
157 50
158 50
159 50
160 50
161 50
162 50
54 51
55 51
56 51
57 51
58 51
59 51
60 51
61 51
62 51
63 51
64 51
65 51
66 51
67 51
86 51
87 51
88 51
89 51
101 51
103 51
106 51
107 51
108 51
109 51
110 51
111 51
112 51
113 51
114 51
115 51
116 51
126 51
127 51
129 51
130 51
131 51
132 51
133 51
141 51
142 51
143 51
144 51
145 51
146 51
147 51
148 51
149 51
150 51
151 51
152 51
153 51
154 51
155 51
156 51
157 51
158 51
159 51
160 51
161 51
162 51
163 51
55 52
56 52
57 52
58 52
59 52
60 52
61 52
62 52
63 52
64 52
65 52
66 52
67 52
106 52
107 52
108 52
110 52
111 52
112 52
113 52
114 52
115 52
116 52
126 52
127 52
128 52
129 52
130 52
131 52
132 52
133 52
142 52
143 52
144 52
145 52
146 52
147 52
148 52
149 52
150 52
151 52
152 52
153 52
154 52
155 52
156 52
158 52
159 52
160 52
161 52
162 52
163 52
164 52
165 52
166 52
57 53
58 53
59 53
60 53
61 53
62 53
63 53
64 53
65 53
79 53
80 53
81 53
113 53
114 53
131 53
132 53
133 53
147 53
152 53
153 53
155 53
156 53
157 53
158 53
159 53
160 53
161 53
162 53
163 53
164 53
165 53
166 53
68 54
79 54
80 54
132 54
154 54
155 54
156 54
157 54
158 54
159 54
160 54
161 54
162 54
163 54
164 54
165 54
166 54
78 55
79 55
85 55
86 55
132 55
133 55
153 55
154 55
155 55
156 55
157 55
158 55
159 55
160 55
161 55
162 55
163 55
164 55
165 55
166 55
167 55
78 56
79 56
80 56
85 56
86 56
87 56
132 56
133 56
134 56
152 56
153 56
154 56
155 56
156 56
157 56
158 56
159 56
160 56
161 56
162 56
163 56
164 56
165 56
166 56
167 56
77 57
78 57
79 57
80 57
84 57
85 57
86 57
128 57
129 57
130 57
131 57
132 57
133 57
134 57
144 57
145 57
146 57
147 57
148 57
149 57
150 57
151 57
152 57
153 57
154 57
155 57
156 57
157 57
158 57
159 57
160 57
161 57
162 57
163 57
164 57
165 57
166 57
167 57
168 57
55 58
56 58
77 58
78 58
79 58
84 58
85 58
86 58
87 58
119 58
120 58
128 58
129 58
130 58
131 58
132 58
133 58
134 58
135 58
145 58
146 58
147 58
148 58
149 58
150 58
151 58
152 58
153 58
154 58
155 58
156 58
157 58
158 58
159 58
160 58
161 58
162 58
163 58
164 58
165 58
166 58
167 58
168 58
169 58
54 59
55 59
56 59
77 59
78 59
79 59
84 59
85 59
86 59
87 59
119 59
128 59
129 59
130 59
131 59
132 59
133 59
134 59
135 59
145 59
146 59
147 59
148 59
149 59
150 59
151 59
152 59
153 59
154 59
155 59
156 59
157 59
158 59
159 59
160 59
161 59
162 59
163 59
164 59
165 59
166 59
167 59
168 59
169 59
55 60
56 60
78 60
84 60
85 60
86 60
87 60
88 60
131 60
132 60
133 60
134 60
152 60
153 60
154 60
155 60
156 60
157 60
158 60
159 60
160 60
161 60
162 60
163 60
164 60
165 60
166 60
167 60
168 60
169 60
54 61
55 61
56 61
83 61
84 61
85 61
86 61
87 61
88 61
89 61
120 61
132 61
133 61
134 61
152 61
153 61
154 61
155 61
156 61
157 61
158 61
159 61
160 61
161 61
162 61
163 61
164 61
165 61
166 61
167 61
168 61
169 61
54 62
55 62
56 62
84 62
85 62
86 62
87 62
88 62
89 62
90 62
120 62
132 62
133 62
134 62
152 62
153 62
154 62
155 62
156 62
157 62
158 62
159 62
160 62
161 62
162 62
163 62
164 62
165 62
166 62
167 62
168 62
169 62
55 63
84 63
85 63
86 63
87 63
88 63
89 63
90 63
132 63
133 63
134 63
146 63
147 63
148 63
149 63
150 63
151 63
152 63
153 63
154 63
155 63
156 63
157 63
158 63
159 63
160 63
161 63
162 63
163 63
164 63
165 63
166 63
167 63
168 63
169 63
54 64
55 64
56 64
85 64
86 64
87 64
88 64
89 64
90 64
122 64
130 64
131 64
132 64
133 64
134 64
144 64
145 64
146 64
147 64
148 64
149 64
150 64
151 64
152 64
153 64
154 64
155 64
156 64
157 64
158 64
159 64
160 64
161 64
162 64
163 64
164 64
165 64
166 64
167 64
168 64
52 65
55 65
58 65
59 65
60 65
61 65
62 65
85 65
86 65
87 65
88 65
89 65
90 65
121 65
122 65
123 65
127 65
128 65
129 65
130 65
131 65
132 65
133 65
134 65
135 65
144 65
145 65
146 65
147 65
148 65
149 65
150 65
151 65
152 65
153 65
154 65
155 65
156 65
157 65
158 65
159 65
160 65
161 65
162 65
163 65
164 65
165 65
166 65
167 65
168 65
169 65
170 65
58 66
59 66
60 66
61 66
86 66
87 66
88 66
89 66
90 66
121 66
122 66
123 66
124 66
128 66
129 66
131 66
132 66
133 66
134 66
135 66
144 66
145 66
146 66
147 66
148 66
149 66
150 66
151 66
152 66
153 66
154 66
155 66
156 66
157 66
158 66
159 66
160 66
161 66
162 66
163 66
164 66
165 66
166 66
167 66
168 66
169 66
170 66
171 66
88 67
89 67
90 67
91 67
92 67
120 67
121 67
122 67
123 67
124 67
125 67
126 67
128 67
133 67
134 67
135 67
145 67
146 67
147 67
148 67
149 67
150 67
151 67
152 67
153 67
154 67
155 67
156 67
157 67
158 67
159 67
160 67
161 67
162 67
163 67
164 67
165 67
166 67
167 67
168 67
169 67
170 67
171 67
172 67
88 68
90 68
91 68
92 68
120 68
121 68
122 68
123 68
124 68
125 68
134 68
145 68
146 68
147 68
149 68
150 68
151 68
152 68
153 68
154 68
155 68
156 68
157 68
158 68
159 68
160 68
161 68
162 68
163 68
164 68
165 68
166 68
167 68
168 68
169 68
170 68
171 68
172 68
173 68
90 69
120 69
121 69
122 69
123 69
124 69
125 69
126 69
134 69
145 69
147 69
149 69
152 69
153 69
154 69
155 69
156 69
157 69
158 69
159 69
160 69
161 69
162 69
163 69
164 69
165 69
166 69
167 69
168 69
169 69
170 69
171 69
172 69
173 69
174 69
120 70
121 70
122 70
123 70
124 70
125 70
126 70
133 70
134 70
145 70
146 70
147 70
149 70
152 70
153 70
154 70
155 70
156 70
157 70
158 70
159 70
160 70
161 70
162 70
163 70
164 70
165 70
166 70
167 70
168 70
169 70
170 70
171 70
172 70
173 70
174 70
175 70
35 71
36 71
120 71
121 71
122 71
123 71
124 71
132 71
133 71
134 71
135 71
144 71
145 71
146 71
147 71
148 71
149 71
150 71
151 71
152 71
153 71
154 71
155 71
156 71
157 71
158 71
159 71
160 71
161 71
162 71
163 71
164 71
165 71
166 71
167 71
168 71
169 71
170 71
171 71
172 71
173 71
174 71
175 71
176 71
177 71
35 72
36 72
123 72
124 72
132 72
133 72
134 72
135 72
143 72
144 72
145 72
146 72
147 72
148 72
149 72
150 72
151 72
152 72
153 72
154 72
155 72
156 72
157 72
158 72
159 72
160 72
161 72
162 72
163 72
164 72
165 72
166 72
167 72
168 72
169 72
170 72
171 72
172 72
173 72
174 72
175 72
176 72
177 72
178 72
35 73
36 73
52 73
53 73
126 73
132 73
133 73
134 73
135 73
143 73
144 73
145 73
146 73
147 73
148 73
149 73
150 73
151 73
152 73
153 73
154 73
155 73
156 73
157 73
158 73
159 73
160 73
161 73
162 73
163 73
164 73
165 73
166 73
167 73
168 73
169 73
170 73
171 73
172 73
173 73
174 73
175 73
176 73
177 73
178 73
124 74
126 74
133 74
134 74
143 74
144 74
145 74
146 74
147 74
149 74
150 74
151 74
152 74
153 74
154 74
155 74
156 74
157 74
158 74
159 74
160 74
161 74
162 74
163 74
164 74
165 74
166 74
167 74
168 74
169 74
170 74
171 74
172 74
173 74
174 74
175 74
176 74
177 74
178 74
143 75
144 75
145 75
148 75
151 75
152 75
153 75
154 75
155 75
156 75
157 75
158 75
159 75
160 75
161 75
162 75
163 75
164 75
165 75
166 75
167 75
168 75
172 75
173 75
174 75
175 75
176 75
177 75
178 75
68 76
69 76
124 76
125 76
126 76
144 76
146 76
148 76
152 76
153 76
154 76
155 76
156 76
157 76
158 76
159 76
160 76
161 76
162 76
163 76
164 76
165 76
166 76
167 76
168 76
169 76
170 76
171 76
172 76
173 76
174 76
175 76
176 76
177 76
42 77
43 77
68 77
69 77
70 77
123 77
124 77
125 77
126 77
143 77
144 77
145 77
146 77
147 77
148 77
152 77
153 77
154 77
155 77
156 77
157 77
158 77
159 77
160 77
161 77
162 77
163 77
164 77
165 77
166 77
167 77
168 77
169 77
170 77
171 77
172 77
173 77
174 77
175 77
176 77
43 78
67 78
68 78
69 78
70 78
121 78
122 78
123 78
124 78
125 78
126 78
127 78
143 78
145 78
146 78
147 78
148 78
149 78
150 78
151 78
152 78
153 78
154 78
155 78
156 78
157 78
158 78
159 78
160 78
161 78
162 78
163 78
164 78
165 78
166 78
167 78
168 78
169 78
170 78
171 78
172 78
173 78
174 78
175 78
176 78
177 78
34 79
35 79
36 79
37 79
42 79
43 79
68 79
69 79
70 79
80 79
81 79
120 79
121 79
122 79
123 79
124 79
125 79
126 79
127 79
128 79
129 79
130 79
131 79
143 79
144 79
145 79
146 79
147 79
148 79
149 79
150 79
151 79
152 79
153 79
154 79
155 79
156 79
157 79
158 79
159 79
160 79
161 79
162 79
163 79
164 79
165 79
166 79
167 79
168 79
172 79
173 79
174 79
175 79
176 79
177 79
178 79
179 79
34 80
35 80
36 80
42 80
43 80
69 80
80 80
81 80
82 80
117 80
119 80
120 80
121 80
122 80
123 80
124 80
125 80
126 80
127 80
128 80
129 80
130 80
131 80
144 80
145 80
146 80
147 80
148 80
149 80
150 80
151 80
152 80
153 80
154 80
155 80
156 80
157 80
158 80
159 80
160 80
161 80
162 80
163 80
164 80
165 80
166 80
167 80
168 80
172 80
173 80
174 80
175 80
176 80
177 80
178 80
179 80
34 81
35 81
36 81
37 81
114 81
115 81
116 81
117 81
118 81
119 81
120 81
121 81
122 81
123 81
124 81
125 81
126 81
127 81
128 81
129 81
130 81
131 81
145 81
146 81
147 81
148 81
149 81
153 81
154 81
155 81
156 81
157 81
158 81
159 81
160 81
161 81
162 81
163 81
164 81
165 81
166 81
167 81
168 81
172 81
173 81
174 81
175 81
176 81
177 81
178 81
179 81
35 82
36 82
37 82
38 82
113 82
114 82
115 82
116 82
117 82
118 82
119 82
120 82
121 82
122 82
125 82
126 82
127 82
128 82
129 82
130 82
148 82
153 82
154 82
155 82
156 82
157 82
159 82
160 82
161 82
162 82
163 82
164 82
165 82
166 82
167 82
168 82
169 82
170 82
171 82
172 82
173 82
174 82
175 82
176 82
177 82
178 82
179 82
180 82
36 83
37 83
113 83
114 83
115 83
116 83
117 83
118 83
119 83
120 83
121 83
126 83
127 83
128 83
129 83
130 83
153 83
154 83
155 83
156 83
157 83
158 83
159 83
160 83
161 83
162 83
163 83
164 83
165 83
166 83
167 83
168 83
169 83
170 83
171 83
172 83
173 83
174 83
175 83
176 83
177 83
178 83
179 83
180 83
36 84
37 84
101 84
102 84
103 84
104 84
105 84
106 84
107 84
113 84
114 84
115 84
116 84
117 84
118 84
119 84
120 84
126 84
127 84
128 84
129 84
139 84
146 84
148 84
149 84
152 84
153 84
154 84
155 84
156 84
157 84
158 84
159 84
160 84
161 84
162 84
163 84
164 84
165 84
166 84
167 84
168 84
169 84
170 84
171 84
172 84
173 84
174 84
175 84
176 84
177 84
178 84
179 84
180 84
33 85
34 85
96 85
100 85
101 85
102 85
103 85
104 85
105 85
106 85
107 85
109 85
114 85
115 85
116 85
117 85
118 85
119 85
120 85
125 85
126 85
127 85
128 85
138 85
139 85
140 85
145 85
146 85
147 85
148 85
149 85
150 85
151 85
152 85
153 85
154 85
155 85
156 85
157 85
158 85
159 85
160 85
161 85
162 85
163 85
164 85
165 85
166 85
167 85
168 85
169 85
170 85
171 85
172 85
173 85
174 85
175 85
176 85
177 85
178 85
179 85
180 85
33 86
34 86
42 86
43 86
44 86
96 86
97 86
98 86
99 86
100 86
101 86
102 86
103 86
104 86
105 86
106 86
107 86
108 86
115 86
116 86
117 86
118 86
119 86
120 86
121 86
125 86
126 86
127 86
138 86
139 86
140 86
145 86
146 86
147 86
148 86
149 86
150 86
151 86
152 86
153 86
154 86
155 86
156 86
157 86
158 86
159 86
160 86
161 86
162 86
163 86
164 86
165 86
166 86
167 86
168 86
169 86
170 86
171 86
172 86
173 86
174 86
175 86
176 86
177 86
178 86
179 86
180 86
181 86
32 87
33 87
34 87
35 87
42 87
43 87
44 87
97 87
98 87
99 87
100 87
101 87
102 87
103 87
104 87
105 87
106 87
107 87
108 87
117 87
118 87
119 87
120 87
122 87
124 87
125 87
126 87
138 87
139 87
145 87
146 87
147 87
148 87
149 87
150 87
151 87
152 87
153 87
154 87
155 87
156 87
157 87
158 87
159 87
160 87
161 87
162 87
163 87
164 87
165 87
166 87
167 87
168 87
169 87
170 87
171 87
172 87
173 87
174 87
175 87
176 87
177 87
178 87
179 87
180 87
181 87
32 88
33 88
34 88
35 88
42 88
43 88
44 88
90 88
91 88
97 88
98 88
99 88
100 88
101 88
102 88
103 88
104 88
105 88
106 88
107 88
123 88
124 88
125 88
126 88
145 88
146 88
147 88
148 88
149 88
150 88
151 88
152 88
153 88
154 88
155 88
156 88
157 88
158 88
159 88
160 88
161 88
162 88
163 88
164 88
165 88
166 88
167 88
168 88
169 88
170 88
171 88
172 88
173 88
174 88
175 88
176 88
177 88
178 88
179 88
180 88
181 88
32 89
33 89
34 89
35 89
42 89
43 89
44 89
90 89
91 89
98 89
99 89
100 89
101 89
102 89
103 89
146 89
147 89
148 89
149 89
152 89
153 89
154 89
155 89
156 89
157 89
158 89
159 89
160 89
161 89
162 89
163 89
164 89
165 89
166 89
167 89
168 89
169 89
170 89
171 89
172 89
173 89
174 89
175 89
176 89
177 89
178 89
179 89
180 89
181 89
32 90
33 90
34 90
35 90
89 90
90 90
91 90
92 90
93 90
95 90
96 90
97 90
98 90
146 90
147 90
148 90
149 90
152 90
153 90
154 90
155 90
156 90
157 90
158 90
159 90
160 90
161 90
162 90
163 90
164 90
165 90
166 90
167 90
168 90
169 90
170 90
171 90
172 90
173 90
174 90
175 90
176 90
177 90
178 90
179 90
180 90
32 91
33 91
34 91
35 91
91 91
92 91
93 91
94 91
95 91
96 91
97 91
98 91
99 91
139 91
140 91
145 91
146 91
147 91
148 91
149 91
152 91
153 91
154 91
155 91
156 91
157 91
158 91
159 91
160 91
161 91
162 91
163 91
164 91
165 91
166 91
167 91
168 91
169 91
170 91
171 91
172 91
173 91
174 91
175 91
176 91
177 91
178 91
179 91
180 91
31 92
32 92
33 92
34 92
35 92
94 92
95 92
96 92
97 92
98 92
99 92
100 92
112 92
113 92
114 92
115 92
116 92
117 92
118 92
132 92
133 92
134 92
135 92
136 92
137 92
138 92
139 92
140 92
141 92
142 92
143 92
144 92
145 92
146 92
147 92
148 92
149 92
150 92
151 92
152 92
153 92
154 92
155 92
156 92
157 92
158 92
159 92
160 92
161 92
162 92
163 92
164 92
165 92
166 92
167 92
168 92
169 92
170 92
171 92
172 92
173 92
174 92
175 92
176 92
177 92
178 92
179 92
180 92
26 93
27 93
28 93
29 93
30 93
31 93
32 93
33 93
34 93
35 93
95 93
96 93
97 93
98 93
99 93
100 93
101 93
102 93
103 93
104 93
111 93
112 93
113 93
114 93
115 93
116 93
117 93
131 93
132 93
133 93
134 93
135 93
136 93
137 93
138 93
139 93
140 93
141 93
142 93
143 93
144 93
145 93
146 93
147 93
148 93
149 93
150 93
151 93
152 93
153 93
154 93
155 93
156 93
157 93
158 93
159 93
160 93
161 93
162 93
163 93
164 93
165 93
166 93
167 93
168 93
169 93
170 93
171 93
172 93
173 93
174 93
175 93
176 93
177 93
178 93
179 93
180 93
26 94
27 94
28 94
30 94
31 94
32 94
33 94
34 94
96 94
97 94
98 94
99 94
100 94
101 94
102 94
103 94
104 94
111 94
112 94
113 94
114 94
132 94
133 94
134 94
135 94
136 94
137 94
138 94
139 94
140 94
141 94
142 94
143 94
144 94
145 94
146 94
147 94
148 94
149 94
150 94
151 94
152 94
153 94
154 94
155 94
156 94
157 94
158 94
159 94
160 94
161 94
162 94
163 94
164 94
165 94
166 94
167 94
168 94
169 94
170 94
171 94
172 94
173 94
174 94
175 94
176 94
177 94
178 94
179 94
180 94
32 95
34 95
101 95
102 95
103 95
104 95
132 95
133 95
138 95
139 95
140 95
141 95
142 95
143 95
144 95
145 95
146 95
147 95
148 95
149 95
150 95
151 95
152 95
153 95
154 95
155 95
156 95
157 95
158 95
159 95
160 95
161 95
162 95
163 95
164 95
165 95
166 95
167 95
168 95
169 95
170 95
171 95
172 95
173 95
174 95
175 95
176 95
177 95
178 95
179 95
180 95
33 96
144 96
145 96
146 96
147 96
148 96
149 96
150 96
151 96
152 96
153 96
154 96
155 96
156 96
157 96
158 96
159 96
160 96
161 96
162 96
163 96
164 96
165 96
166 96
167 96
168 96
169 96
170 96
171 96
172 96
173 96
174 96
175 96
176 96
177 96
178 96
179 96
180 96
34 97
83 97
145 97
146 97
147 97
148 97
149 97
150 97
151 97
152 97
153 97
154 97
155 97
156 97
157 97
158 97
159 97
160 97
161 97
162 97
163 97
164 97
165 97
166 97
167 97
168 97
169 97
170 97
171 97
172 97
173 97
174 97
175 97
176 97
177 97
178 97
179 97
180 97
83 98
124 98
125 98
126 98
127 98
132 98
138 98
139 98
140 98
141 98
144 98
145 98
146 98
147 98
148 98
149 98
150 98
151 98
152 98
153 98
154 98
155 98
156 98
157 98
158 98
159 98
160 98
161 98
162 98
163 98
164 98
165 98
166 98
167 98
168 98
169 98
170 98
171 98
172 98
173 98
174 98
175 98
176 98
177 98
178 98
179 98
180 98
32 99
33 99
34 99
82 99
83 99
124 99
125 99
126 99
127 99
128 99
131 99
132 99
133 99
134 99
137 99
138 99
139 99
140 99
141 99
142 99
143 99
144 99
145 99
146 99
147 99
148 99
149 99
150 99
151 99
152 99
153 99
154 99
155 99
156 99
157 99
158 99
159 99
160 99
161 99
162 99
163 99
164 99
165 99
166 99
167 99
168 99
169 99
170 99
171 99
172 99
173 99
174 99
175 99
176 99
177 99
178 99
179 99
22 100
23 100
24 100
25 100
26 100
27 100
31 100
32 100
33 100
34 100
83 100
125 100
126 100
129 100
130 100
131 100
132 100
133 100
134 100
135 100
136 100
137 100
138 100
139 100
140 100
141 100
142 100
143 100
144 100
145 100
146 100
147 100
148 100
149 100
150 100
151 100
152 100
153 100
154 100
155 100
156 100
157 100
158 100
159 100
160 100
161 100
162 100
163 100
164 100
165 100
166 100
167 100
168 100
169 100
170 100
171 100
172 100
173 100
174 100
175 100
176 100
177 100
178 100
179 100
23 101
24 101
25 101
26 101
27 101
28 101
31 101
32 101
33 101
117 101
118 101
119 101
130 101
131 101
132 101
133 101
134 101
135 101
136 101
137 101
138 101
139 101
141 101
142 101
143 101
144 101
145 101
146 101
147 101
148 101
149 101
150 101
151 101
152 101
153 101
154 101
155 101
156 101
157 101
158 101
159 101
160 101
161 101
162 101
163 101
164 101
165 101
166 101
167 101
168 101
169 101
170 101
171 101
172 101
173 101
174 101
175 101
176 101
177 101
178 101
179 101
25 102
26 102
27 102
28 102
29 102
31 102
32 102
117 102
118 102
119 102
131 102
132 102
133 102
134 102
138 102
139 102
140 102
141 102
142 102
143 102
144 102
145 102
146 102
147 102
148 102
149 102
150 102
151 102
152 102
153 102
154 102
155 102
156 102
157 102
158 102
159 102
160 102
161 102
162 102
163 102
164 102
165 102
166 102
167 102
168 102
169 102
170 102
171 102
172 102
173 102
174 102
175 102
176 102
177 102
178 102
179 102
25 103
26 103
27 103
28 103
132 103
133 103
138 103
139 103
140 103
141 103
142 103
145 103
146 103
147 103
148 103
151 103
152 103
153 103
154 103
155 103
156 103
157 103
158 103
159 103
160 103
161 103
162 103
163 103
164 103
165 103
166 103
167 103
168 103
171 103
172 103
173 103
174 103
175 103
176 103
177 103
178 103
179 103
25 104
26 104
27 104
28 104
100 104
119 104
138 104
139 104
140 104
141 104
145 104
146 104
147 104
152 104
153 104
154 104
155 104
156 104
157 104
158 104
159 104
160 104
161 104
162 104
163 104
165 104
166 104
167 104
168 104
169 104
170 104
171 104
172 104
173 104
174 104
175 104
176 104
177 104
178 104
179 104
25 105
26 105
27 105
28 105
29 105
76 105
99 105
100 105
119 105
125 105
126 105
138 105
139 105
140 105
141 105
145 105
146 105
147 105
152 105
153 105
154 105
155 105
156 105
157 105
158 105
159 105
160 105
161 105
162 105
163 105
164 105
165 105
166 105
167 105
168 105
169 105
170 105
171 105
172 105
173 105
174 105
175 105
176 105
177 105
178 105
179 105
25 106
26 106
27 106
28 106
29 106
30 106
75 106
76 106
77 106
78 106
89 106
90 106
91 106
92 106
93 106
94 106
95 106
96 106
97 106
98 106
99 106
100 106
101 106
119 106
120 106
121 106
122 106
123 106
124 106
125 106
126 106
127 106
128 106
130 106
131 106
132 106
133 106
138 106
139 106
140 106
141 106
142 106
143 106
144 106
145 106
146 106
147 106
148 106
149 106
150 106
151 106
152 106
153 106
154 106
155 106
156 106
157 106
158 106
159 106
160 106
161 106
162 106
163 106
164 106
165 106
166 106
167 106
168 106
169 106
170 106
171 106
172 106
173 106
174 106
175 106
176 106
177 106
178 106
179 106
25 107
26 107
27 107
28 107
29 107
30 107
76 107
78 107
88 107
89 107
90 107
91 107
92 107
93 107
94 107
95 107
96 107
97 107
98 107
99 107
100 107
101 107
102 107
109 107
110 107
111 107
118 107
119 107
120 107
121 107
122 107
123 107
124 107
125 107
126 107
127 107
128 107
129 107
130 107
131 107
132 107
133 107
134 107
138 107
139 107
140 107
141 107
142 107
143 107
144 107
145 107
146 107
147 107
148 107
149 107
150 107
151 107
152 107
153 107
154 107
155 107
156 107
157 107
158 107
159 107
160 107
161 107
162 107
163 107
164 107
165 107
166 107
167 107
168 107
169 107
170 107
171 107
172 107
173 107
174 107
175 107
176 107
177 107
178 107
179 107
26 108
27 108
28 108
29 108
30 108
78 108
88 108
89 108
90 108
91 108
92 108
93 108
94 108
95 108
96 108
97 108
98 108
99 108
100 108
101 108
102 108
103 108
118 108
119 108
120 108
121 108
122 108
123 108
124 108
125 108
126 108
127 108
128 108
129 108
130 108
131 108
132 108
133 108
138 108
139 108
140 108
141 108
142 108
145 108
146 108
147 108
148 108
149 108
150 108
151 108
152 108
153 108
154 108
155 108
156 108
157 108
158 108
159 108
160 108
161 108
162 108
163 108
164 108
165 108
166 108
167 108
168 108
169 108
170 108
171 108
172 108
173 108
174 108
175 108
176 108
177 108
178 108
179 108
79 109
89 109
90 109
91 109
92 109
93 109
94 109
95 109
96 109
97 109
98 109
99 109
100 109
101 109
102 109
103 109
120 109
121 109
122 109
123 109
124 109
125 109
126 109
127 109
128 109
129 109
130 109
131 109
132 109
133 109
139 109
140 109
141 109
146 109
147 109
148 109
149 109
150 109
151 109
152 109
153 109
154 109
155 109
156 109
157 109
158 109
159 109
160 109
161 109
162 109
163 109
164 109
165 109
166 109
167 109
168 109
169 109
170 109
171 109
172 109
173 109
174 109
175 109
176 109
177 109
178 109
179 109
88 110
89 110
90 110
91 110
92 110
93 110
94 110
95 110
96 110
97 110
98 110
99 110
100 110
101 110
102 110
147 110
148 110
150 110
151 110
152 110
153 110
154 110
155 110
156 110
157 110
160 110
161 110
162 110
163 110
164 110
165 110
166 110
167 110
168 110
169 110
170 110
171 110
172 110
173 110
174 110
175 110
176 110
177 110
178 110
179 110
88 111
89 111
90 111
91 111
92 111
95 111
96 111
97 111
98 111
99 111
100 111
101 111
102 111
151 111
152 111
153 111
154 111
155 111
156 111
157 111
160 111
161 111
162 111
163 111
164 111
165 111
166 111
167 111
168 111
169 111
170 111
171 111
172 111
173 111
174 111
175 111
176 111
177 111
178 111
179 111
88 112
89 112
90 112
91 112
92 112
95 112
96 112
97 112
98 112
99 112
100 112
101 112
102 112
146 112
147 112
151 112
152 112
153 112
154 112
155 112
156 112
157 112
158 112
159 112
160 112
161 112
162 112
163 112
164 112
165 112
166 112
167 112
168 112
169 112
170 112
171 112
172 112
173 112
174 112
175 112
176 112
177 112
178 112
179 112
87 113
88 113
89 113
90 113
91 113
92 113
93 113
94 113
95 113
96 113
97 113
98 113
99 113
100 113
101 113
102 113
124 113
125 113
132 113
133 113
134 113
135 113
136 113
137 113
138 113
139 113
144 113
145 113
146 113
147 113
148 113
149 113
150 113
151 113
152 113
153 113
154 113
155 113
156 113
157 113
158 113
159 113
160 113
161 113
162 113
163 113
164 113
165 113
166 113
167 113
168 113
169 113
170 113
171 113
172 113
173 113
174 113
175 113
176 113
177 113
178 113
179 113
87 114
88 114
89 114
90 114
91 114
92 114
93 114
94 114
95 114
96 114
97 114
98 114
99 114
100 114
101 114
118 114
119 114
120 114
123 114
124 114
125 114
126 114
131 114
132 114
133 114
134 114
135 114
136 114
137 114
138 114
139 114
140 114
141 114
142 114
143 114
144 114
145 114
146 114
147 114
148 114
149 114
150 114
151 114
152 114
153 114
154 114
155 114
156 114
157 114
158 114
159 114
160 114
161 114
162 114
163 114
164 114
165 114
166 114
167 114
168 114
169 114
170 114
171 114
172 114
173 114
174 114
175 114
176 114
177 114
178 114
179 114
30 115
88 115
89 115
90 115
91 115
92 115
93 115
94 115
95 115
96 115
97 115
98 115
101 115
118 115
119 115
120 115
123 115
124 115
125 115
126 115
131 115
132 115
133 115
134 115
135 115
136 115
137 115
138 115
139 115
140 115
141 115
142 115
143 115
144 115
145 115
146 115
147 115
148 115
149 115
150 115
151 115
152 115
153 115
154 115
155 115
156 115
157 115
158 115
159 115
160 115
161 115
162 115
163 115
164 115
165 115
166 115
167 115
168 115
169 115
170 115
171 115
172 115
173 115
174 115
175 115
176 115
177 115
178 115
179 115
40 116
89 116
90 116
91 116
92 116
93 116
94 116
95 116
98 116
119 116
120 116
124 116
125 116
126 116
132 116
133 116
134 116
135 116
136 116
137 116
138 116
143 116
144 116
145 116
146 116
147 116
148 116
149 116
150 116
151 116
152 116
153 116
154 116
155 116
156 116
157 116
158 116
159 116
160 116
161 116
162 116
163 116
164 116
165 116
166 116
167 116
168 116
169 116
170 116
171 116
172 116
173 116
174 116
175 116
176 116
177 116
178 116
179 116
180 116
38 117
39 117
40 117
90 117
91 117
92 117
93 117
144 117
145 117
146 117
147 117
148 117
149 117
150 117
151 117
152 117
153 117
154 117
155 117
156 117
157 117
158 117
159 117
160 117
161 117
162 117
163 117
164 117
165 117
166 117
167 117
168 117
169 117
170 117
171 117
172 117
173 117
174 117
175 117
176 117
177 117
178 117
179 117
180 117
38 118
39 118
40 118
144 118
145 118
146 118
147 118
148 118
149 118
150 118
151 118
152 118
153 118
154 118
155 118
156 118
157 118
158 118
159 118
160 118
161 118
162 118
163 118
164 118
165 118
166 118
167 118
168 118
169 118
170 118
171 118
172 118
173 118
174 118
175 118
176 118
177 118
178 118
179 118
180 118
37 119
38 119
39 119
40 119
41 119
143 119
144 119
145 119
146 119
147 119
148 119
149 119
150 119
151 119
152 119
153 119
154 119
155 119
156 119
157 119
158 119
159 119
160 119
161 119
162 119
163 119
164 119
165 119
166 119
167 119
168 119
169 119
170 119
171 119
172 119
173 119
174 119
175 119
176 119
177 119
178 119
179 119
180 119
36 120
37 120
38 120
39 120
40 120
41 120
124 120
125 120
126 120
127 120
136 120
137 120
138 120
139 120
140 120
141 120
142 120
143 120
144 120
145 120
146 120
147 120
148 120
149 120
150 120
151 120
152 120
153 120
154 120
155 120
156 120
157 120
158 120
159 120
160 120
161 120
162 120
163 120
164 120
165 120
166 120
167 120
168 120
169 120
170 120
171 120
172 120
173 120
174 120
175 120
176 120
177 120
178 120
179 120
180 120
36 121
37 121
38 121
39 121
40 121
41 121
42 121
124 121
125 121
126 121
127 121
131 121
132 121
133 121
134 121
135 121
136 121
137 121
138 121
139 121
140 121
141 121
142 121
143 121
144 121
145 121
146 121
147 121
148 121
149 121
150 121
151 121
152 121
153 121
154 121
155 121
156 121
157 121
158 121
159 121
160 121
161 121
162 121
163 121
164 121
165 121
166 121
167 121
168 121
169 121
170 121
171 121
172 121
173 121
174 121
175 121
176 121
177 121
178 121
179 121
180 121
36 122
37 122
38 122
40 122
41 122
42 122
122 122
123 122
124 122
125 122
126 122
127 122
128 122
131 122
132 122
133 122
134 122
135 122
136 122
137 122
138 122
139 122
140 122
141 122
142 122
143 122
144 122
145 122
146 122
147 122
148 122
149 122
150 122
151 122
152 122
153 122
154 122
155 122
156 122
157 122
158 122
159 122
160 122
161 122
162 122
163 122
164 122
165 122
166 122
167 122
168 122
172 122
173 122
174 122
114 123
121 123
122 123
123 123
124 123
125 123
126 123
127 123
131 123
132 123
133 123
134 123
135 123
136 123
137 123
138 123
139 123
140 123
141 123
142 123
143 123
144 123
145 123
146 123
147 123
148 123
149 123
150 123
151 123
152 123
153 123
154 123
155 123
156 123
157 123
158 123
159 123
160 123
161 123
162 123
163 123
164 123
165 123
166 123
167 123
168 123
172 123
173 123
115 124
120 124
121 124
122 124
123 124
124 124
132 124
133 124
134 124
135 124
136 124
142 124
143 124
144 124
145 124
146 124
147 124
148 124
151 124
152 124
153 124
154 124
155 124
156 124
157 124
158 124
159 124
160 124
161 124
162 124
163 124
164 124
165 124
166 124
167 124
168 124
121 125
122 125
123 125
124 125
132 125
133 125
134 125
135 125
143 125
144 125
145 125
146 125
147 125
148 125
152 125
153 125
154 125
155 125
156 125
157 125
158 125
159 125
160 125
161 125
162 125
163 125
164 125
165 125
166 125
167 125
168 125
169 125
121 126
122 126
123 126
124 126
125 126
132 126
133 126
134 126
135 126
143 126
144 126
145 126
146 126
147 126
148 126
152 126
153 126
154 126
155 126
156 126
157 126
158 126
159 126
160 126
161 126
162 126
163 126
164 126
165 126
166 126
167 126
168 126
121 127
124 127
125 127
126 127
130 127
131 127
132 127
133 127
134 127
135 127
136 127
137 127
138 127
139 127
140 127
141 127
142 127
143 127
144 127
145 127
146 127
147 127
148 127
151 127
152 127
153 127
154 127
155 127
156 127
157 127
158 127
159 127
160 127
161 127
162 127
163 127
164 127
165 127
166 127
167 127
168 127
40 128
124 128
125 128
126 128
127 128
128 128
129 128
130 128
131 128
132 128
133 128
134 128
135 128
136 128
137 128
138 128
139 128
140 128
141 128
142 128
143 128
144 128
145 128
146 128
147 128
148 128
149 128
150 128
151 128
152 128
153 128
154 128
155 128
156 128
157 128
158 128
159 128
160 128
161 128
162 128
163 128
164 128
165 128
166 128
167 128
168 128
40 129
123 129
124 129
125 129
126 129
127 129
128 129
129 129
130 129
131 129
132 129
133 129
134 129
135 129
136 129
137 129
138 129
139 129
140 129
141 129
142 129
143 129
144 129
145 129
146 129
147 129
148 129
149 129
150 129
151 129
152 129
153 129
154 129
155 129
156 129
157 129
158 129
159 129
160 129
161 129
162 129
163 129
164 129
165 129
166 129
167 129
123 130
124 130
125 130
126 130
127 130
128 130
129 130
130 130
131 130
132 130
133 130
134 130
135 130
136 130
137 130
138 130
139 130
140 130
141 130
142 130
143 130
144 130
145 130
146 130
147 130
148 130
149 130
150 130
151 130
152 130
153 130
154 130
155 130
156 130
157 130
158 130
159 130
160 130
161 130
162 130
163 130
164 130
165 130
166 130
167 130
121 131
123 131
124 131
125 131
126 131
127 131
128 131
129 131
146 131
147 131
148 131
149 131
150 131
151 131
152 131
153 131
154 131
155 131
156 131
157 131
158 131
159 131
160 131
161 131
162 131
163 131
164 131
165 131
166 131
167 131
122 132
123 132
124 132
125 132
126 132
127 132
128 132
146 132
147 132
148 132
149 132
151 132
152 132
153 132
154 132
155 132
156 132
157 132
158 132
159 132
160 132
161 132
162 132
165 132
166 132
167 132
121 133
122 133
123 133
124 133
125 133
126 133
127 133
128 133
146 133
147 133
148 133
149 133
150 133
151 133
152 133
153 133
154 133
155 133
156 133
157 133
158 133
159 133
160 133
121 134
122 134
123 134
124 134
125 134
126 134
127 134
128 134
129 134
131 134
132 134
133 134
137 134
138 134
139 134
140 134
145 134
146 134
147 134
148 134
149 134
150 134
151 134
152 134
153 134
154 134
155 134
156 134
157 134
158 134
159 134
160 134
121 135
122 135
123 135
124 135
125 135
126 135
127 135
128 135
129 135
130 135
131 135
132 135
133 135
134 135
135 135
136 135
137 135
138 135
139 135
140 135
141 135
142 135
143 135
144 135
145 135
146 135
147 135
148 135
149 135
150 135
151 135
152 135
153 135
154 135
155 135
156 135
157 135
158 135
159 135
123 136
124 136
125 136
126 136
127 136
128 136
129 136
130 136
131 136
132 136
133 136
134 136
135 136
136 136
137 136
138 136
139 136
140 136
141 136
142 136
143 136
144 136
145 136
146 136
147 136
148 136
149 136
150 136
151 136
152 136
153 136
154 136
155 136
156 136
157 136
158 136
159 136
132 137
133 137
134 137
135 137
136 137
137 137
138 137
139 137
140 137
141 137
142 137
143 137
144 137
145 137
146 137
147 137
148 137
149 137
150 137
151 137
152 137
153 137
154 137
155 137
156 137
157 137
158 137
159 137
133 138
134 138
135 138
136 138
138 138
139 138
140 138
141 138
142 138
143 138
144 138
145 138
146 138
147 138
148 138
151 138
152 138
153 138
154 138
155 138
156 138
157 138
158 138
159 138
133 139
134 139
135 139
136 139
138 139
139 139
140 139
141 139
142 139
143 139
144 139
145 139
146 139
147 139
148 139
151 139
152 139
153 139
154 139
155 139
156 139
157 139
158 139
159 139
125 140
126 140
127 140
128 140
135 140
136 140
138 140
139 140
140 140
141 140
142 140
143 140
144 140
145 140
146 140
147 140
148 140
149 140
151 140
152 140
153 140
154 140
155 140
156 140
157 140
158 140
159 140
123 141
124 141
125 141
126 141
127 141
128 141
129 141
130 141
131 141
132 141
133 141
134 141
135 141
136 141
137 141
138 141
139 141
140 141
141 141
142 141
143 141
144 141
145 141
146 141
147 141
148 141
149 141
150 141
151 141
152 141
153 141
154 141
155 141
156 141
157 141
158 141
159 141
48 142
49 142
50 142
122 142
123 142
124 142
125 142
126 142
127 142
128 142
129 142
130 142
131 142
132 142
133 142
134 142
135 142
136 142
137 142
138 142
139 142
140 142
141 142
142 142
143 142
144 142
145 142
146 142
147 142
148 142
149 142
150 142
151 142
152 142
153 142
154 142
155 142
156 142
157 142
158 142
159 142
48 143
49 143
50 143
122 143
123 143
124 143
125 143
126 143
127 143
128 143
129 143
130 143
131 143
132 143
133 143
134 143
135 143
136 143
137 143
138 143
139 143
140 143
141 143
142 143
143 143
144 143
145 143
146 143
147 143
148 143
149 143
150 143
151 143
152 143
153 143
154 143
155 143
156 143
157 143
158 143
159 143
49 144
51 144
52 144
53 144
122 144
123 144
124 144
125 144
126 144
127 144
128 144
129 144
130 144
131 144
132 144
133 144
134 144
135 144
136 144
137 144
138 144
139 144
140 144
141 144
142 144
143 144
144 144
145 144
146 144
147 144
148 144
149 144
150 144
151 144
152 144
153 144
154 144
155 144
156 144
157 144
158 144
159 144
122 145
123 145
124 145
125 145
126 145
127 145
128 145
129 145
130 145
131 145
132 145
133 145
134 145
136 145
137 145
138 145
139 145
140 145
141 145
142 145
143 145
144 145
145 145
146 145
147 145
148 145
152 145
153 145
154 145
155 145
156 145
157 145
158 145
159 145
122 146
123 146
124 146
125 146
126 146
127 146
128 146
129 146
130 146
131 146
132 146
133 146
134 146
137 146
138 146
139 146
140 146
141 146
142 146
145 146
146 146
147 146
148 146
152 146
153 146
154 146
155 146
156 146
157 146
158 146
159 146
122 147
123 147
124 147
125 147
126 147
127 147
128 147
129 147
130 147
131 147
132 147
133 147
138 147
139 147
140 147
141 147
142 147
145 147
146 147
147 147
148 147
152 147
153 147
154 147
155 147
156 147
157 147
158 147
159 147
119 148
120 148
121 148
122 148
123 148
124 148
125 148
126 148
127 148
128 148
129 148
130 148
131 148
132 148
133 148
134 148
137 148
138 148
139 148
140 148
141 148
142 148
143 148
144 148
145 148
146 148
147 148
148 148
149 148
151 148
152 148
153 148
154 148
155 148
156 148
157 148
158 148
159 148
62 149
117 149
118 149
119 149
120 149
121 149
122 149
123 149
124 149
125 149
126 149
127 149
128 149
129 149
130 149
131 149
132 149
133 149
134 149
135 149
136 149
137 149
138 149
139 149
140 149
141 149
142 149
143 149
144 149
145 149
146 149
147 149
148 149
149 149
150 149
151 149
152 149
153 149
154 149
155 149
156 149
157 149
158 149
159 149
62 150
115 150
116 150
117 150
118 150
119 150
120 150
121 150
122 150
123 150
124 150
125 150
126 150
127 150
128 150
129 150
130 150
131 150
132 150
133 150
134 150
135 150
136 150
137 150
138 150
139 150
140 150
141 150
142 150
143 150
144 150
145 150
146 150
147 150
148 150
149 150
150 150
151 150
152 150
153 150
154 150
155 150
156 150
157 150
158 150
62 151
67 151
68 151
111 151
112 151
113 151
114 151
115 151
116 151
117 151
118 151
119 151
120 151
121 151
122 151
123 151
124 151
125 151
126 151
127 151
128 151
129 151
130 151
131 151
132 151
133 151
134 151
135 151
136 151
137 151
138 151
139 151
140 151
141 151
142 151
143 151
144 151
145 151
146 151
147 151
148 151
149 151
150 151
151 151
152 151
153 151
154 151
155 151
156 151
157 151
158 151
67 152
68 152
109 152
110 152
111 152
112 152
113 152
114 152
115 152
116 152
117 152
118 152
119 152
120 152
121 152
122 152
123 152
124 152
125 152
126 152
127 152
128 152
129 152
130 152
131 152
132 152
133 152
134 152
135 152
136 152
137 152
138 152
139 152
140 152
141 152
142 152
143 152
144 152
145 152
146 152
147 152
148 152
149 152
150 152
151 152
152 152
153 152
154 152
155 152
156 152
157 152
158 152
68 153
108 153
109 153
110 153
111 153
112 153
113 153
114 153
115 153
116 153
117 153
118 153
119 153
120 153
121 153
122 153
123 153
124 153
125 153
126 153
127 153
128 153
129 153
130 153
131 153
132 153
133 153
134 153
135 153
138 153
139 153
140 153
141 153
142 153
143 153
144 153
145 153
146 153
147 153
148 153
151 153
152 153
153 153
154 153
155 153
156 153
157 153
158 153
69 154
76 154
107 154
108 154
109 154
110 154
111 154
112 154
113 154
114 154
115 154
116 154
117 154
118 154
119 154
120 154
121 154
122 154
123 154
124 154
125 154
126 154
127 154
128 154
129 154
130 154
131 154
132 154
133 154
134 154
135 154
138 154
139 154
140 154
141 154
142 154
143 154
144 154
145 154
146 154
147 154
148 154
152 154
153 154
154 154
155 154
156 154
157 154
158 154
68 155
69 155
70 155
71 155
73 155
74 155
75 155
76 155
77 155
90 155
91 155
92 155
93 155
107 155
108 155
109 155
110 155
111 155
112 155
113 155
114 155
115 155
116 155
117 155
118 155
119 155
120 155
121 155
122 155
123 155
124 155
125 155
126 155
127 155
128 155
129 155
130 155
131 155
132 155
133 155
134 155
135 155
136 155
137 155
138 155
139 155
140 155
141 155
142 155
143 155
144 155
145 155
146 155
147 155
148 155
151 155
152 155
153 155
154 155
155 155
156 155
157 155
68 156
69 156
70 156
71 156
72 156
73 156
74 156
75 156
76 156
77 156
81 156
82 156
83 156
88 156
89 156
90 156
91 156
92 156
93 156
94 156
95 156
96 156
108 156
109 156
110 156
111 156
112 156
113 156
114 156
115 156
116 156
117 156
118 156
119 156
120 156
121 156
122 156
123 156
124 156
125 156
126 156
127 156
128 156
129 156
130 156
131 156
132 156
133 156
134 156
135 156
136 156
137 156
138 156
139 156
140 156
141 156
142 156
143 156
144 156
145 156
146 156
147 156
148 156
149 156
150 156
151 156
152 156
153 156
154 156
155 156
156 156
68 157
69 157
70 157
71 157
72 157
73 157
74 157
75 157
76 157
77 157
81 157
82 157
83 157
84 157
85 157
86 157
87 157
88 157
89 157
90 157
91 157
92 157
93 157
94 157
95 157
96 157
107 157
108 157
109 157
110 157
111 157
112 157
113 157
114 157
115 157
116 157
117 157
118 157
119 157
120 157
121 157
122 157
123 157
124 157
125 157
126 157
127 157
128 157
129 157
130 157
131 157
132 157
133 157
134 157
135 157
136 157
137 157
138 157
139 157
140 157
141 157
142 157
143 157
144 157
145 157
146 157
147 157
148 157
149 157
150 157
151 157
152 157
153 157
154 157
155 157
69 158
70 158
71 158
76 158
77 158
82 158
83 158
84 158
85 158
86 158
87 158
88 158
89 158
90 158
91 158
92 158
93 158
94 158
95 158
96 158
106 158
107 158
108 158
109 158
110 158
111 158
112 158
113 158
114 158
115 158
116 158
117 158
118 158
119 158
120 158
121 158
122 158
123 158
124 158
125 158
126 158
127 158
128 158
129 158
130 158
131 158
132 158
133 158
134 158
135 158
136 158
137 158
138 158
139 158
140 158
141 158
142 158
143 158
144 158
145 158
146 158
147 158
148 158
149 158
154 158
75 159
76 159
82 159
83 159
84 159
85 159
86 159
87 159
88 159
89 159
90 159
91 159
92 159
93 159
94 159
95 159
96 159
104 159
105 159
106 159
107 159
108 159
109 159
110 159
111 159
112 159
113 159
114 159
115 159
116 159
117 159
118 159
119 159
120 159
121 159
122 159
123 159
124 159
125 159
126 159
127 159
128 159
129 159
130 159
131 159
132 159
133 159
134 159
135 159
136 159
137 159
138 159
139 159
140 159
141 159
142 159
143 159
144 159
145 159
146 159
147 159
82 160
83 160
84 160
85 160
86 160
87 160
88 160
89 160
90 160
91 160
92 160
93 160
94 160
95 160
96 160
104 160
105 160
106 160
107 160
108 160
109 160
110 160
111 160
112 160
113 160
114 160
115 160
116 160
117 160
118 160
119 160
120 160
121 160
122 160
123 160
124 160
125 160
126 160
127 160
128 160
129 160
130 160
131 160
132 160
133 160
134 160
135 160
136 160
137 160
138 160
139 160
140 160
141 160
142 160
76 161
82 161
83 161
84 161
85 161
86 161
87 161
88 161
89 161
90 161
91 161
92 161
93 161
94 161
95 161
96 161
97 161
102 161
103 161
104 161
105 161
106 161
107 161
108 161
109 161
110 161
111 161
112 161
113 161
114 161
115 161
116 161
117 161
118 161
119 161
120 161
121 161
122 161
123 161
124 161
125 161
126 161
127 161
128 161
129 161
130 161
131 161
132 161
133 161
134 161
135 161
136 161
137 161
138 161
139 161
140 161
141 161
142 161
74 162
75 162
76 162
77 162
82 162
83 162
84 162
85 162
86 162
87 162
88 162
89 162
90 162
91 162
92 162
93 162
94 162
95 162
96 162
97 162
98 162
102 162
103 162
104 162
105 162
106 162
107 162
108 162
109 162
110 162
111 162
112 162
113 162
114 162
115 162
116 162
117 162
118 162
119 162
120 162
121 162
122 162
123 162
124 162
125 162
126 162
127 162
128 162
129 162
130 162
131 162
132 162
133 162
134 162
135 162
136 162
137 162
138 162
139 162
140 162
76 163
77 163
82 163
83 163
84 163
85 163
86 163
87 163
88 163
89 163
90 163
91 163
92 163
93 163
94 163
95 163
96 163
102 163
103 163
104 163
105 163
106 163
107 163
108 163
109 163
110 163
111 163
112 163
113 163
114 163
115 163
116 163
117 163
118 163
119 163
120 163
121 163
122 163
123 163
124 163
125 163
126 163
127 163
128 163
129 163
130 163
131 163
132 163
133 163
134 163
135 163
136 163
137 163
138 163
139 163
140 163
76 164
82 164
83 164
84 164
85 164
86 164
87 164
88 164
89 164
90 164
91 164
92 164
93 164
94 164
95 164
96 164
102 164
103 164
104 164
105 164
106 164
107 164
108 164
109 164
110 164
111 164
112 164
113 164
114 164
115 164
116 164
117 164
118 164
119 164
120 164
121 164
122 164
123 164
124 164
125 164
126 164
127 164
128 164
129 164
130 164
131 164
132 164
133 164
134 164
135 164
136 164
137 164
138 164
139 164
83 165
85 165
87 165
88 165
89 165
90 165
91 165
92 165
93 165
94 165
102 165
103 165
104 165
105 165
106 165
107 165
108 165
109 165
110 165
111 165
112 165
113 165
114 165
115 165
116 165
117 165
118 165
119 165
120 165
121 165
122 165
123 165
124 165
125 165
126 165
127 165
128 165
129 165
130 165
131 165
132 165
103 166
104 166
105 166
106 166
107 166
108 166
109 166
110 166
111 166
112 166
113 166
114 166
115 166
116 166
117 166
118 166
119 166
120 166
121 166
122 166
123 166
124 166
125 166
126 166
127 166
128 166
129 166
130 166
104 167
105 167
106 167
107 167
108 167
109 167
110 167
111 167
112 167
113 167
114 167
115 167
116 167
117 167
118 167
119 167
120 167
121 167
122 167
124 167
125 167
126 167
127 167
128 167
129 167
105 168
106 168
107 168
108 168
109 168
110 168
111 168
112 168
113 168
114 168
115 168
116 168
117 168
118 168
119 168
120 168
121 168
122 168
125 168
126 168
127 168
106 169
107 169
108 169
109 169
110 169
111 169
112 169
113 169
114 169
115 169
116 169
117 169
118 169
119 169
120 169
106 170
107 170
108 170
109 170
110 170
111 170
112 170
113 170
114 170
115 170
116 170
117 170
118 170
119 170
106 171
107 171
108 171
109 171
110 171
111 171
112 171
113 171
114 171
115 171
116 171
117 171
118 171
119 171
107 172
108 172
109 172
110 172
111 172
112 172
113 172
114 172
115 172
116 172
117 172
108 173
109 173
110 173
111 173
112 173
113 173
114 173
115 173
110 174
111 174
