96 23
97 23
95 24
96 24
97 24
98 24
79 25
86 25
87 25
88 25
89 25
90 25
91 25
94 25
95 25
96 25
97 25
98 25
77 26
78 26
79 26
80 26
81 26
84 26
85 26
86 26
87 26
88 26
89 26
90 26
91 26
92 26
93 26
94 26
95 26
96 26
97 26
98 26
74 27
75 27
76 27
77 27
78 27
79 27
80 27
81 27
82 27
83 27
84 27
85 27
86 27
87 27
88 27
89 27
90 27
91 27
92 27
93 27
94 27
95 27
96 27
97 27
98 27
99 27
72 28
73 28
74 28
75 28
76 28
77 28
78 28
79 28
80 28
81 28
82 28
83 28
84 28
85 28
86 28
87 28
88 28
89 28
90 28
91 28
92 28
93 28
94 28
95 28
96 28
97 28
98 28
99 28
113 28
71 29
72 29
73 29
74 29
75 29
76 29
77 29
78 29
79 29
80 29
81 29
82 29
83 29
84 29
85 29
86 29
89 29
90 29
91 29
92 29
93 29
94 29
95 29
96 29
97 29
98 29
99 29
112 29
113 29
71 30
72 30
73 30
74 30
75 30
76 30
77 30
78 30
79 30
80 30
81 30
82 30
83 30
84 30
85 30
86 30
90 30
91 30
92 30
93 30
94 30
95 30
96 30
97 30
98 30
99 30
100 30
111 30
112 30
113 30
114 30
115 30
70 31
71 31
72 31
73 31
74 31
75 31
76 31
77 31
78 31
79 31
80 31
81 31
82 31
83 31
84 31
85 31
86 31
87 31
90 31
91 31
92 31
93 31
94 31
95 31
96 31
97 31
98 31
99 31
100 31
110 31
111 31
112 31
113 31
114 31
115 31
116 31
69 32
70 32
71 32
72 32
73 32
74 32
75 32
76 32
77 32
78 32
79 32
80 32
81 32
82 32
83 32
84 32
85 32
86 32
87 32
91 32
92 32
93 32
94 32
95 32
96 32
97 32
98 32
99 32
100 32
110 32
111 32
112 32
113 32
114 32
115 32
116 32
124 32
68 33
69 33
70 33
71 33
72 33
73 33
74 33
75 33
76 33
77 33
78 33
79 33
80 33
81 33
82 33
83 33
84 33
85 33
86 33
87 33
91 33
92 33
93 33
94 33
95 33
96 33
97 33
98 33
99 33
100 33
101 33
110 33
111 33
112 33
113 33
114 33
115 33
123 33
124 33
125 33
126 33
67 34
68 34
69 34
70 34
71 34
72 34
73 34
74 34
75 34
76 34
77 34
78 34
79 34
80 34
81 34
82 34
83 34
84 34
85 34
86 34
87 34
91 34
92 34
93 34
94 34
95 34
96 34
97 34
98 34
99 34
100 34
101 34
102 34
109 34
110 34
111 34
112 34
113 34
114 34
115 34
122 34
123 34
124 34
125 34
126 34
127 34
66 35
67 35
68 35
69 35
70 35
71 35
72 35
73 35
74 35
75 35
76 35
77 35
78 35
79 35
80 35
81 35
82 35
83 35
84 35
85 35
86 35
87 35
88 35
89 35
90 35
91 35
92 35
93 35
94 35
95 35
96 35
97 35
98 35
99 35
100 35
101 35
102 35
103 35
104 35
105 35
109 35
110 35
111 35
112 35
113 35
122 35
123 35
124 35
125 35
126 35
127 35
128 35
65 36
66 36
67 36
68 36
69 36
70 36
71 36
72 36
73 36
74 36
75 36
76 36
77 36
78 36
79 36
80 36
81 36
82 36
83 36
84 36
85 36
86 36
87 36
88 36
89 36
90 36
91 36
92 36
93 36
94 36
95 36
96 36
97 36
98 36
99 36
100 36
101 36
102 36
103 36
104 36
105 36
109 36
110 36
111 36
112 36
113 36
121 36
122 36
123 36
124 36
125 36
126 36
127 36
128 36
64 37
65 37
66 37
67 37
68 37
69 37
70 37
71 37
72 37
73 37
74 37
75 37
76 37
77 37
78 37
79 37
80 37
81 37
82 37
83 37
84 37
85 37
86 37
87 37
88 37
89 37
90 37
91 37
92 37
93 37
94 37
95 37
96 37
97 37
98 37
99 37
100 37
101 37
102 37
103 37
104 37
105 37
109 37
110 37
111 37
112 37
121 37
122 37
123 37
124 37
125 37
126 37
127 37
128 37
61 38
62 38
63 38
64 38
65 38
66 38
67 38
68 38
69 38
70 38
71 38
72 38
73 38
74 38
75 38
76 38
77 38
78 38
79 38
80 38
81 38
82 38
83 38
84 38
85 38
86 38
87 38
88 38
89 38
90 38
91 38
92 38
93 38
94 38
95 38
96 38
97 38
98 38
99 38
100 38
101 38
102 38
103 38
104 38
105 38
106 38
109 38
110 38
111 38
112 38
119 38
120 38
121 38
122 38
123 38
124 38
125 38
126 38
127 38
128 38
129 38
130 38
53 39
54 39
55 39
56 39
62 39
63 39
64 39
65 39
66 39
67 39
68 39
69 39
70 39
71 39
72 39
73 39
74 39
75 39
76 39
77 39
78 39
79 39
80 39
81 39
82 39
83 39
84 39
85 39
86 39
87 39
88 39
89 39
90 39
91 39
92 39
93 39
94 39
95 39
96 39
97 39
98 39
99 39
100 39
101 39
102 39
103 39
104 39
105 39
110 39
120 39
121 39
122 39
123 39
124 39
125 39
126 39
127 39
128 39
129 39
53 40
54 40
55 40
56 40
57 40
63 40
64 40
65 40
66 40
67 40
68 40
69 40
70 40
71 40
72 40
73 40
74 40
75 40
76 40
77 40
78 40
79 40
80 40
81 40
82 40
83 40
84 40
85 40
86 40
87 40
88 40
89 40
90 40
91 40
92 40
93 40
94 40
95 40
96 40
97 40
98 40
99 40
100 40
101 40
102 40
103 40
104 40
105 40
120 40
121 40
122 40
123 40
124 40
125 40
126 40
127 40
128 40
129 40
52 41
53 41
54 41
55 41
56 41
57 41
63 41
64 41
65 41
66 41
67 41
68 41
69 41
70 41
71 41
72 41
73 41
74 41
75 41
76 41
77 41
78 41
79 41
80 41
81 41
82 41
83 41
84 41
85 41
86 41
87 41
88 41
89 41
90 41
91 41
92 41
93 41
94 41
95 41
96 41
97 41
98 41
99 41
100 41
101 41
102 41
103 41
104 41
105 41
121 41
122 41
123 41
124 41
125 41
126 41
127 41
128 41
52 42
53 42
54 42
55 42
56 42
57 42
58 42
64 42
65 42
66 42
67 42
68 42
69 42
70 42
71 42
72 42
73 42
74 42
75 42
76 42
77 42
78 42
79 42
80 42
81 42
82 42
83 42
84 42
85 42
86 42
87 42
88 42
89 42
90 42
91 42
92 42
93 42
94 42
95 42
96 42
97 42
98 42
99 42
100 42
101 42
102 42
103 42
104 42
105 42
120 42
121 42
122 42
123 42
124 42
125 42
51 43
52 43
53 43
54 43
55 43
56 43
57 43
58 43
65 43
66 43
67 43
68 43
69 43
70 43
71 43
72 43
73 43
74 43
75 43
76 43
77 43
78 43
79 43
80 43
81 43
82 43
83 43
84 43
85 43
86 43
87 43
88 43
89 43
90 43
91 43
92 43
102 43
103 43
104 43
52 44
53 44
54 44
55 44
56 44
57 44
58 44
65 44
66 44
67 44
68 44
69 44
72 44
73 44
74 44
75 44
76 44
77 44
78 44
79 44
80 44
81 44
82 44
83 44
54 45
55 45
56 45
57 45
58 45
66 45
67 45
68 45
69 45
74 45
75 45
76 45
77 45
78 45
79 45
80 45
142 45
143 45
144 45
145 45
55 46
56 46
57 46
58 46
59 46
66 46
67 46
68 46
138 46
139 46
140 46
141 46
142 46
143 46
144 46
145 46
146 46
147 46
57 47
58 47
59 47
66 47
67 47
112 47
113 47
114 47
136 47
137 47
138 47
139 47
140 47
141 47
142 47
143 47
144 47
145 47
146 47
147 47
58 48
59 48
67 48
111 48
112 48
113 48
114 48
135 48
136 48
137 48
138 48
139 48
140 48
141 48
142 48
143 48
144 48
145 48
146 48
147 48
57 49
58 49
67 49
111 49
112 49
113 49
114 49
134 49
135 49
136 49
137 49
138 49
139 49
140 49
141 49
142 49
143 49
144 49
145 49
146 49
147 49
56 50
57 50
67 50
68 50
110 50
111 50
112 50
113 50
134 50
135 50
136 50
137 50
138 50
139 50
140 50
141 50
142 50
143 50
144 50
145 50
146 50
56 51
57 51
68 51
110 51
111 51
112 51
137 51
138 51
139 51
140 51
141 51
142 51
143 51
144 51
145 51
56 52
57 52
67 52
68 52
69 52
139 52
140 52
141 52
142 52
143 52
144 52
145 52
57 53
67 53
68 53
69 53
57 54
58 54
66 54
67 54
68 54
69 54
58 55
66 55
67 55
68 55
69 55
43 56
44 56
45 56
46 56
47 56
48 56
49 56
50 56
57 56
65 56
66 56
68 56
69 56
70 56
42 57
43 57
45 57
46 57
47 57
48 57
49 57
50 57
51 57
52 57
56 57
65 57
66 57
67 57
68 57
69 57
70 57
41 58
46 58
47 58
48 58
49 58
50 58
51 58
52 58
53 58
56 58
64 58
65 58
66 58
67 58
68 58
69 58
70 58
71 58
39 59
40 59
41 59
46 59
47 59
48 59
49 59
50 59
51 59
52 59
54 59
55 59
63 59
64 59
65 59
66 59
67 59
68 59
69 59
70 59
71 59
39 60
40 60
46 60
47 60
48 60
49 60
50 60
51 60
52 60
62 60
63 60
64 60
65 60
66 60
67 60
68 60
69 60
70 60
71 60
72 60
47 61
51 61
52 61
61 61
62 61
63 61
64 61
65 61
66 61
67 61
68 61
69 61
70 61
71 61
72 61
103 61
104 61
105 61
106 61
123 61
60 62
61 62
62 62
63 62
64 62
65 62
66 62
67 62
68 62
69 62
70 62
71 62
72 62
73 62
89 62
90 62
103 62
104 62
105 62
122 62
123 62
59 63
60 63
61 63
62 63
63 63
64 63
65 63
66 63
67 63
68 63
69 63
70 63
71 63
72 63
73 63
74 63
90 63
103 63
104 63
105 63
106 63
123 63
124 63
58 64
59 64
60 64
61 64
62 64
63 64
64 64
65 64
66 64
67 64
68 64
69 64
70 64
71 64
72 64
73 64
74 64
90 64
103 64
104 64
105 64
106 64
56 65
57 65
58 65
59 65
60 65
61 65
62 65
63 65
64 65
65 65
66 65
67 65
68 65
69 65
70 65
71 65
72 65
73 65
74 65
103 65
104 65
105 65
106 65
36 66
37 66
38 66
39 66
40 66
41 66
42 66
43 66
53 66
54 66
55 66
56 66
57 66
58 66
59 66
60 66
61 66
62 66
63 66
64 66
65 66
66 66
67 66
68 66
69 66
70 66
71 66
72 66
73 66
74 66
75 66
103 66
104 66
105 66
106 66
36 67
37 67
38 67
39 67
40 67
41 67
42 67
43 67
44 67
45 67
46 67
47 67
48 67
49 67
50 67
51 67
52 67
53 67
54 67
55 67
56 67
57 67
58 67
59 67
60 67
61 67
62 67
63 67
64 67
65 67
66 67
67 67
68 67
69 67
70 67
71 67
72 67
73 67
74 67
75 67
103 67
104 67
105 67
106 67
35 68
36 68
37 68
38 68
39 68
40 68
41 68
42 68
43 68
44 68
45 68
46 68
47 68
48 68
49 68
50 68
51 68
52 68
53 68
54 68
55 68
56 68
57 68
58 68
59 68
60 68
61 68
62 68
63 68
64 68
65 68
66 68
67 68
68 68
69 68
70 68
71 68
72 68
73 68
74 68
75 68
103 68
104 68
105 68
150 68
33 69
34 69
35 69
36 69
37 69
38 69
39 69
40 69
41 69
42 69
43 69
44 69
45 69
46 69
47 69
48 69
49 69
50 69
51 69
52 69
53 69
54 69
55 69
56 69
57 69
58 69
59 69
60 69
61 69
62 69
63 69
64 69
65 69
66 69
67 69
68 69
69 69
70 69
71 69
72 69
73 69
74 69
75 69
148 69
149 69
150 69
151 69
32 70
33 70
34 70
35 70
36 70
37 70
38 70
39 70
40 70
41 70
42 70
43 70
44 70
45 70
46 70
47 70
48 70
49 70
50 70
51 70
52 70
53 70
54 70
55 70
56 70
57 70
58 70
59 70
60 70
61 70
62 70
63 70
64 70
65 70
66 70
67 70
68 70
69 70
70 70
71 70
72 70
73 70
74 70
75 70
76 70
148 70
149 70
150 70
151 70
152 70
153 70
154 70
155 70
31 71
32 71
33 71
34 71
35 71
36 71
37 71
38 71
39 71
40 71
41 71
42 71
43 71
44 71
45 71
46 71
47 71
48 71
49 71
50 71
51 71
52 71
53 71
54 71
55 71
56 71
57 71
58 71
59 71
60 71
61 71
62 71
63 71
64 71
65 71
66 71
67 71
68 71
69 71
70 71
71 71
72 71
73 71
74 71
75 71
76 71
77 71
148 71
149 71
150 71
151 71
152 71
153 71
154 71
155 71
29 72
30 72
31 72
32 72
33 72
34 72
35 72
36 72
37 72
38 72
39 72
40 72
41 72
42 72
43 72
44 72
45 72
46 72
47 72
48 72
49 72
50 72
51 72
52 72
53 72
54 72
55 72
56 72
57 72
58 72
59 72
60 72
61 72
62 72
63 72
64 72
65 72
66 72
67 72
68 72
69 72
70 72
71 72
72 72
73 72
74 72
75 72
76 72
77 72
148 72
149 72
150 72
151 72
152 72
153 72
154 72
155 72
156 72
28 73
29 73
30 73
31 73
32 73
33 73
34 73
35 73
36 73
37 73
38 73
39 73
40 73
41 73
42 73
43 73
44 73
45 73
46 73
47 73
48 73
49 73
50 73
51 73
52 73
53 73
54 73
55 73
56 73
57 73
58 73
59 73
60 73
61 73
62 73
63 73
64 73
65 73
66 73
67 73
68 73
69 73
70 73
71 73
72 73
73 73
74 73
75 73
76 73
77 73
78 73
140 73
141 73
148 73
149 73
150 73
151 73
152 73
153 73
154 73
155 73
27 74
28 74
29 74
30 74
31 74
32 74
33 74
34 74
35 74
36 74
37 74
38 74
39 74
40 74
41 74
42 74
43 74
44 74
45 74
46 74
47 74
48 74
49 74
50 74
51 74
52 74
53 74
54 74
55 74
56 74
57 74
58 74
59 74
60 74
61 74
62 74
63 74
64 74
65 74
66 74
67 74
68 74
69 74
70 74
71 74
72 74
73 74
74 74
75 74
76 74
77 74
78 74
79 74
139 74
140 74
141 74
142 74
143 74
148 74
149 74
150 74
151 74
152 74
153 74
154 74
155 74
168 74
26 75
27 75
28 75
29 75
30 75
31 75
32 75
33 75
34 75
35 75
36 75
37 75
38 75
39 75
40 75
41 75
42 75
43 75
44 75
45 75
46 75
47 75
48 75
49 75
50 75
51 75
52 75
53 75
54 75
55 75
56 75
57 75
58 75
59 75
60 75
61 75
62 75
63 75
64 75
65 75
66 75
67 75
68 75
69 75
70 75
71 75
72 75
73 75
74 75
75 75
76 75
77 75
78 75
79 75
80 75
98 75
99 75
138 75
140 75
141 75
142 75
143 75
149 75
150 75
151 75
152 75
153 75
167 75
168 75
26 76
27 76
28 76
29 76
30 76
31 76
32 76
33 76
34 76
35 76
36 76
37 76
38 76
39 76
40 76
41 76
42 76
43 76
44 76
45 76
46 76
47 76
48 76
49 76
50 76
51 76
52 76
53 76
54 76
55 76
56 76
57 76
58 76
59 76
60 76
61 76
62 76
63 76
64 76
65 76
66 76
67 76
68 76
69 76
70 76
71 76
72 76
73 76
74 76
75 76
76 76
77 76
78 76
79 76
80 76
81 76
98 76
99 76
100 76
141 76
142 76
168 76
26 77
27 77
28 77
29 77
30 77
31 77
32 77
33 77
34 77
35 77
36 77
37 77
38 77
39 77
40 77
41 77
42 77
43 77
44 77
45 77
46 77
47 77
48 77
49 77
50 77
51 77
52 77
53 77
54 77
55 77
56 77
57 77
58 77
59 77
60 77
61 77
62 77
63 77
64 77
65 77
66 77
67 77
68 77
69 77
70 77
71 77
72 77
73 77
74 77
75 77
76 77
77 77
78 77
79 77
80 77
81 77
98 77
99 77
100 77
101 77
102 77
103 77
167 77
168 77
25 78
26 78
27 78
28 78
29 78
30 78
31 78
32 78
33 78
34 78
35 78
36 78
37 78
38 78
39 78
40 78
41 78
42 78
43 78
44 78
45 78
46 78
47 78
48 78
49 78
50 78
51 78
52 78
53 78
54 78
55 78
56 78
57 78
58 78
59 78
60 78
61 78
62 78
63 78
64 78
65 78
66 78
67 78
68 78
69 78
70 78
71 78
72 78
73 78
74 78
75 78
76 78
77 78
78 78
79 78
80 78
81 78
82 78
97 78
98 78
99 78
100 78
101 78
102 78
103 78
165 78
24 79
25 79
26 79
27 79
28 79
29 79
30 79
31 79
32 79
33 79
34 79
35 79
36 79
37 79
38 79
39 79
40 79
41 79
42 79
43 79
44 79
45 79
46 79
47 79
48 79
49 79
50 79
52 79
53 79
54 79
55 79
56 79
57 79
58 79
59 79
60 79
61 79
62 79
63 79
64 79
65 79
66 79
67 79
68 79
69 79
70 79
71 79
72 79
73 79
74 79
75 79
76 79
77 79
78 79
79 79
80 79
81 79
82 79
83 79
97 79
98 79
99 79
100 79
101 79
102 79
103 79
161 79
162 79
163 79
164 79
165 79
25 80
27 80
28 80
29 80
30 80
31 80
32 80
33 80
34 80
35 80
36 80
37 80
38 80
39 80
40 80
41 80
42 80
43 80
44 80
45 80
46 80
47 80
48 80
49 80
51 80
52 80
53 80
54 80
55 80
56 80
57 80
58 80
59 80
60 80
61 80
62 80
63 80
64 80
65 80
66 80
67 80
68 80
69 80
70 80
71 80
72 80
73 80
74 80
75 80
76 80
77 80
78 80
79 80
80 80
81 80
82 80
83 80
97 80
98 80
99 80
100 80
101 80
102 80
103 80
161 80
162 80
163 80
164 80
165 80
166 80
167 80
28 81
29 81
30 81
31 81
32 81
33 81
34 81
35 81
36 81
37 81
38 81
39 81
40 81
41 81
42 81
43 81
44 81
45 81
46 81
47 81
48 81
49 81
51 81
52 81
53 81
54 81
55 81
56 81
57 81
58 81
59 81
60 81
61 81
62 81
63 81
64 81
65 81
66 81
67 81
68 81
69 81
70 81
71 81
72 81
73 81
74 81
75 81
76 81
77 81
78 81
79 81
80 81
81 81
82 81
83 81
84 81
95 81
96 81
97 81
98 81
99 81
100 81
101 81
102 81
161 81
162 81
163 81
164 81
165 81
166 81
167 81
168 81
30 82
31 82
32 82
33 82
34 82
35 82
36 82
37 82
38 82
39 82
40 82
41 82
42 82
43 82
44 82
45 82
46 82
47 82
48 82
52 82
53 82
54 82
55 82
56 82
57 82
58 82
59 82
60 82
61 82
62 82
63 82
64 82
65 82
66 82
67 82
68 82
69 82
70 82
71 82
72 82
73 82
74 82
75 82
76 82
77 82
78 82
79 82
80 82
81 82
82 82
83 82
84 82
93 82
94 82
95 82
96 82
97 82
98 82
99 82
100 82
101 82
102 82
162 82
163 82
164 82
165 82
166 82
167 82
168 82
169 82
30 83
31 83
32 83
33 83
34 83
35 83
36 83
37 83
38 83
39 83
40 83
41 83
42 83
43 83
44 83
45 83
46 83
47 83
49 83
52 83
53 83
54 83
55 83
56 83
57 83
58 83
59 83
60 83
61 83
62 83
63 83
64 83
65 83
66 83
67 83
68 83
69 83
70 83
71 83
72 83
73 83
74 83
75 83
76 83
77 83
78 83
79 83
80 83
81 83
82 83
83 83
84 83
91 83
92 83
93 83
94 83
95 83
96 83
97 83
98 83
99 83
100 83
101 83
102 83
164 83
165 83
166 83
167 83
168 83
169 83
29 84
30 84
31 84
32 84
33 84
34 84
35 84
36 84
37 84
38 84
39 84
40 84
41 84
42 84
43 84
44 84
45 84
46 84
47 84
48 84
49 84
50 84
51 84
52 84
53 84
54 84
55 84
56 84
57 84
58 84
59 84
60 84
61 84
62 84
63 84
64 84
65 84
66 84
67 84
68 84
69 84
70 84
71 84
72 84
73 84
74 84
75 84
76 84
77 84
78 84
79 84
80 84
81 84
82 84
83 84
84 84
90 84
91 84
92 84
93 84
94 84
95 84
96 84
97 84
98 84
99 84
100 84
101 84
102 84
103 84
130 84
131 84
132 84
133 84
134 84
135 84
164 84
165 84
166 84
167 84
168 84
169 84
28 85
29 85
30 85
31 85
32 85
33 85
34 85
35 85
36 85
37 85
38 85
39 85
40 85
41 85
42 85
43 85
44 85
45 85
46 85
47 85
48 85
49 85
50 85
51 85
52 85
53 85
54 85
55 85
56 85
57 85
58 85
59 85
60 85
61 85
62 85
63 85
64 85
65 85
66 85
67 85
68 85
69 85
70 85
71 85
72 85
73 85
74 85
75 85
76 85
77 85
78 85
79 85
80 85
81 85
82 85
83 85
84 85
85 85
86 85
87 85
88 85
89 85
90 85
91 85
92 85
93 85
94 85
95 85
96 85
97 85
98 85
99 85
100 85
101 85
102 85
103 85
130 85
131 85
132 85
133 85
134 85
135 85
136 85
165 85
166 85
167 85
168 85
27 86
28 86
29 86
30 86
31 86
32 86
33 86
34 86
35 86
36 86
37 86
38 86
39 86
40 86
41 86
42 86
43 86
44 86
45 86
46 86
47 86
48 86
49 86
50 86
51 86
52 86
53 86
54 86
55 86
56 86
57 86
58 86
59 86
60 86
61 86
62 86
63 86
64 86
65 86
66 86
67 86
68 86
69 86
70 86
71 86
72 86
73 86
74 86
75 86
76 86
77 86
78 86
79 86
80 86
81 86
82 86
83 86
84 86
85 86
86 86
87 86
88 86
89 86
90 86
91 86
92 86
93 86
94 86
95 86
96 86
97 86
98 86
99 86
100 86
101 86
102 86
103 86
116 86
117 86
130 86
131 86
132 86
133 86
134 86
135 86
136 86
164 86
165 86
166 86
167 86
168 86
169 86
26 87
27 87
28 87
29 87
30 87
31 87
32 87
33 87
34 87
35 87
36 87
37 87
38 87
39 87
40 87
41 87
42 87
43 87
44 87
45 87
46 87
47 87
48 87
49 87
50 87
51 87
52 87
53 87
54 87
55 87
56 87
57 87
58 87
59 87
60 87
61 87
62 87
63 87
64 87
65 87
66 87
67 87
68 87
69 87
70 87
71 87
72 87
73 87
74 87
75 87
76 87
77 87
78 87
79 87
80 87
81 87
82 87
83 87
84 87
85 87
86 87
87 87
88 87
89 87
90 87
91 87
92 87
93 87
94 87
95 87
96 87
97 87
98 87
99 87
100 87
101 87
102 87
103 87
116 87
117 87
129 87
130 87
131 87
132 87
133 87
134 87
135 87
136 87
162 87
163 87
164 87
165 87
166 87
167 87
168 87
178 87
26 88
27 88
28 88
29 88
30 88
31 88
32 88
33 88
34 88
35 88
36 88
37 88
38 88
39 88
40 88
41 88
42 88
43 88
44 88
45 88
46 88
47 88
48 88
49 88
50 88
51 88
52 88
53 88
54 88
55 88
56 88
57 88
58 88
59 88
60 88
61 88
62 88
63 88
64 88
65 88
66 88
67 88
68 88
69 88
70 88
71 88
72 88
73 88
74 88
75 88
76 88
77 88
78 88
79 88
80 88
81 88
82 88
83 88
84 88
85 88
86 88
87 88
88 88
89 88
90 88
91 88
92 88
93 88
94 88
95 88
96 88
97 88
98 88
99 88
100 88
101 88
102 88
103 88
115 88
116 88
117 88
118 88
128 88
129 88
130 88
131 88
132 88
133 88
134 88
135 88
136 88
137 88
160 88
161 88
162 88
163 88
164 88
165 88
166 88
167 88
26 89
27 89
28 89
29 89
30 89
31 89
32 89
33 89
34 89
35 89
36 89
37 89
38 89
39 89
40 89
41 89
42 89
43 89
44 89
45 89
46 89
47 89
48 89
49 89
50 89
51 89
52 89
53 89
54 89
55 89
56 89
57 89
58 89
59 89
60 89
61 89
62 89
63 89
64 89
65 89
66 89
67 89
68 89
69 89
70 89
71 89
72 89
73 89
74 89
75 89
76 89
77 89
78 89
79 89
80 89
81 89
82 89
83 89
84 89
85 89
86 89
87 89
88 89
89 89
90 89
91 89
92 89
93 89
94 89
95 89
96 89
97 89
98 89
99 89
100 89
101 89
102 89
103 89
115 89
116 89
117 89
118 89
119 89
128 89
129 89
130 89
131 89
132 89
133 89
134 89
135 89
136 89
137 89
159 89
160 89
161 89
162 89
163 89
164 89
165 89
166 89
167 89
168 89
178 89
26 90
27 90
28 90
29 90
30 90
31 90
32 90
33 90
34 90
35 90
36 90
37 90
38 90
39 90
40 90
41 90
42 90
43 90
44 90
45 90
46 90
47 90
48 90
49 90
50 90
51 90
52 90
53 90
54 90
55 90
56 90
57 90
58 90
59 90
60 90
61 90
62 90
63 90
64 90
65 90
66 90
67 90
68 90
69 90
70 90
71 90
72 90
73 90
74 90
75 90
76 90
77 90
78 90
79 90
80 90
81 90
82 90
83 90
84 90
85 90
86 90
87 90
88 90
89 90
90 90
91 90
92 90
93 90
94 90
95 90
96 90
97 90
98 90
99 90
100 90
101 90
102 90
115 90
116 90
117 90
118 90
119 90
120 90
121 90
125 90
126 90
127 90
128 90
129 90
130 90
131 90
132 90
133 90
134 90
135 90
136 90
137 90
158 90
159 90
160 90
161 90
162 90
163 90
164 90
165 90
166 90
167 90
168 90
169 90
176 90
177 90
178 90
179 90
26 91
27 91
28 91
29 91
30 91
31 91
32 91
33 91
34 91
35 91
36 91
37 91
38 91
39 91
40 91
41 91
42 91
43 91
44 91
45 91
46 91
47 91
48 91
49 91
50 91
51 91
52 91
53 91
54 91
55 91
56 91
57 91
58 91
59 91
60 91
61 91
62 91
63 91
64 91
65 91
66 91
67 91
68 91
69 91
70 91
71 91
72 91
73 91
74 91
75 91
91 91
92 91
93 91
94 91
95 91
96 91
97 91
98 91
99 91
100 91
101 91
102 91
115 91
116 91
117 91
118 91
119 91
120 91
121 91
126 91
127 91
128 91
129 91
130 91
131 91
132 91
133 91
134 91
135 91
136 91
137 91
158 91
159 91
160 91
161 91
162 91
163 91
164 91
165 91
166 91
167 91
168 91
169 91
170 91
175 91
176 91
177 91
178 91
179 91
180 91
26 92
27 92
28 92
29 92
30 92
31 92
32 92
33 92
34 92
36 92
37 92
38 92
39 92
40 92
41 92
42 92
43 92
44 92
45 92
46 92
47 92
48 92
49 92
50 92
51 92
52 92
53 92
54 92
55 92
56 92
57 92
58 92
59 92
60 92
61 92
62 92
63 92
64 92
65 92
66 92
67 92
68 92
69 92
70 92
71 92
72 92
73 92
74 92
91 92
92 92
93 92
94 92
95 92
96 92
97 92
98 92
99 92
100 92
101 92
114 92
115 92
116 92
117 92
118 92
119 92
120 92
121 92
126 92
127 92
128 92
129 92
130 92
131 92
132 92
133 92
134 92
135 92
136 92
159 92
160 92
161 92
162 92
163 92
164 92
165 92
166 92
167 92
168 92
169 92
170 92
171 92
172 92
173 92
174 92
175 92
176 92
177 92
178 92
179 92
27 93
28 93
29 93
30 93
31 93
32 93
33 93
34 93
35 93
40 93
41 93
42 93
43 93
47 93
48 93
49 93
50 93
51 93
52 93
53 93
54 93
55 93
56 93
57 93
58 93
59 93
60 93
61 93
62 93
63 93
64 93
65 93
66 93
67 93
68 93
69 93
70 93
71 93
92 93
93 93
94 93
98 93
99 93
100 93
101 93
115 93
116 93
117 93
118 93
119 93
120 93
129 93
130 93
131 93
132 93
133 93
134 93
162 93
163 93
164 93
165 93
166 93
167 93
168 93
169 93
170 93
171 93
172 93
173 93
174 93
175 93
176 93
177 93
178 93
27 94
28 94
29 94
30 94
31 94
34 94
38 94
39 94
40 94
41 94
42 94
43 94
48 94
49 94
50 94
51 94
52 94
53 94
54 94
55 94
56 94
57 94
58 94
59 94
60 94
61 94
62 94
63 94
64 94
65 94
66 94
67 94
68 94
69 94
70 94
71 94
92 94
98 94
99 94
100 94
101 94
163 94
164 94
165 94
166 94
167 94
168 94
169 94
170 94
171 94
172 94
173 94
174 94
175 94
176 94
177 94
178 94
27 95
28 95
29 95
30 95
31 95
32 95
33 95
38 95
40 95
41 95
42 95
43 95
49 95
50 95
51 95
52 95
53 95
54 95
55 95
56 95
57 95
58 95
59 95
60 95
61 95
62 95
63 95
64 95
65 95
66 95
67 95
68 95
69 95
70 95
98 95
99 95
100 95
101 95
102 95
164 95
165 95
166 95
167 95
168 95
169 95
170 95
171 95
172 95
173 95
174 95
175 95
176 95
177 95
28 96
29 96
30 96
31 96
32 96
33 96
38 96
40 96
41 96
42 96
48 96
49 96
50 96
51 96
52 96
53 96
54 96
55 96
56 96
57 96
58 96
59 96
60 96
61 96
62 96
63 96
64 96
65 96
66 96
67 96
68 96
69 96
96 96
97 96
98 96
99 96
100 96
101 96
164 96
165 96
166 96
167 96
168 96
169 96
170 96
171 96
172 96
173 96
174 96
175 96
176 96
177 96
179 96
29 97
30 97
31 97
32 97
33 97
34 97
35 97
36 97
37 97
38 97
39 97
40 97
41 97
42 97
43 97
44 97
48 97
49 97
50 97
51 97
52 97
53 97
54 97
55 97
56 97
57 97
58 97
59 97
60 97
61 97
62 97
63 97
64 97
65 97
66 97
67 97
68 97
97 97
98 97
164 97
165 97
166 97
167 97
168 97
169 97
170 97
171 97
173 97
174 97
175 97
176 97
177 97
178 97
179 97
30 98
31 98
32 98
33 98
34 98
35 98
36 98
37 98
38 98
39 98
40 98
41 98
42 98
43 98
44 98
48 98
49 98
50 98
51 98
52 98
53 98
54 98
55 98
56 98
57 98
58 98
59 98
60 98
61 98
62 98
63 98
64 98
65 98
66 98
67 98
68 98
95 98
96 98
97 98
98 98
99 98
163 98
164 98
165 98
166 98
167 98
168 98
169 98
171 98
174 98
175 98
176 98
177 98
178 98
179 98
30 99
31 99
32 99
33 99
34 99
35 99
36 99
37 99
38 99
39 99
40 99
41 99
42 99
43 99
44 99
48 99
49 99
50 99
51 99
52 99
53 99
54 99
55 99
56 99
57 99
58 99
59 99
60 99
61 99
62 99
63 99
64 99
65 99
66 99
67 99
95 99
96 99
97 99
98 99
163 99
164 99
165 99
166 99
167 99
168 99
169 99
171 99
174 99
175 99
176 99
177 99
31 100
32 100
33 100
34 100
35 100
36 100
37 100
38 100
39 100
40 100
41 100
42 100
43 100
44 100
48 100
49 100
50 100
51 100
52 100
53 100
54 100
55 100
56 100
57 100
58 100
59 100
60 100
61 100
62 100
63 100
64 100
65 100
66 100
67 100
94 100
95 100
96 100
97 100
98 100
163 100
164 100
165 100
166 100
167 100
168 100
174 100
175 100
176 100
177 100
178 100
32 101
33 101
34 101
35 101
36 101
37 101
38 101
39 101
40 101
41 101
42 101
43 101
44 101
45 101
46 101
47 101
48 101
49 101
50 101
51 101
52 101
53 101
54 101
55 101
56 101
57 101
58 101
59 101
60 101
61 101
62 101
63 101
64 101
65 101
66 101
94 101
95 101
96 101
97 101
98 101
162 101
163 101
164 101
165 101
166 101
167 101
168 101
173 101
174 101
175 101
176 101
177 101
178 101
31 102
32 102
33 102
34 102
35 102
36 102
37 102
38 102
39 102
40 102
41 102
42 102
43 102
44 102
45 102
46 102
47 102
48 102
49 102
50 102
51 102
52 102
53 102
54 102
55 102
56 102
57 102
58 102
59 102
60 102
61 102
62 102
63 102
64 102
65 102
66 102
93 102
94 102
95 102
96 102
97 102
162 102
163 102
164 102
165 102
166 102
167 102
168 102
172 102
173 102
174 102
175 102
176 102
177 102
178 102
26 103
27 103
31 103
32 103
33 103
34 103
35 103
36 103
37 103
38 103
39 103
40 103
41 103
42 103
43 103
44 103
45 103
46 103
47 103
48 103
49 103
50 103
51 103
52 103
53 103
54 103
55 103
56 103
57 103
58 103
59 103
60 103
61 103
62 103
63 103
64 103
65 103
66 103
93 103
94 103
95 103
96 103
97 103
161 103
162 103
163 103
164 103
165 103
166 103
167 103
168 103
169 103
170 103
171 103
172 103
173 103
174 103
175 103
176 103
177 103
178 103
31 104
32 104
33 104
34 104
35 104
36 104
37 104
38 104
39 104
40 104
41 104
42 104
43 104
44 104
45 104
46 104
47 104
48 104
49 104
50 104
51 104
52 104
53 104
54 104
55 104
56 104
57 104
58 104
59 104
60 104
61 104
62 104
63 104
64 104
65 104
66 104
94 104
95 104
96 104
162 104
163 104
164 104
165 104
166 104
167 104
168 104
169 104
170 104
171 104
172 104
173 104
174 104
175 104
176 104
177 104
178 104
179 104
30 105
31 105
32 105
33 105
34 105
35 105
36 105
37 105
38 105
39 105
40 105
41 105
42 105
43 105
44 105
45 105
46 105
47 105
48 105
49 105
50 105
51 105
52 105
53 105
54 105
55 105
56 105
57 105
58 105
59 105
61 105
62 105
63 105
64 105
65 105
66 105
94 105
95 105
96 105
161 105
162 105
163 105
164 105
165 105
166 105
167 105
168 105
169 105
170 105
171 105
172 105
173 105
174 105
175 105
176 105
177 105
178 105
179 105
29 106
30 106
31 106
32 106
33 106
34 106
35 106
36 106
37 106
38 106
39 106
40 106
41 106
42 106
43 106
44 106
45 106
46 106
47 106
48 106
49 106
50 106
51 106
52 106
53 106
54 106
55 106
56 106
57 106
58 106
62 106
63 106
64 106
65 106
66 106
160 106
161 106
162 106
163 106
164 106
165 106
166 106
167 106
168 106
169 106
170 106
171 106
172 106
173 106
174 106
175 106
176 106
177 106
178 106
179 106
31 107
32 107
33 107
34 107
35 107
36 107
37 107
38 107
39 107
40 107
41 107
42 107
43 107
44 107
45 107
46 107
47 107
48 107
49 107
50 107
51 107
52 107
53 107
54 107
55 107
56 107
57 107
58 107
62 107
63 107
64 107
65 107
66 107
159 107
160 107
161 107
162 107
163 107
164 107
165 107
166 107
167 107
168 107
169 107
170 107
171 107
172 107
173 107
174 107
175 107
176 107
177 107
178 107
30 108
33 108
35 108
40 108
41 108
42 108
43 108
44 108
45 108
46 108
47 108
48 108
49 108
50 108
51 108
52 108
53 108
54 108
55 108
56 108
62 108
63 108
64 108
65 108
66 108
158 108
159 108
160 108
161 108
162 108
163 108
164 108
165 108
166 108
167 108
168 108
169 108
170 108
171 108
172 108
173 108
174 108
175 108
176 108
177 108
178 108
32 109
33 109
34 109
35 109
37 109
38 109
39 109
40 109
41 109
42 109
43 109
44 109
45 109
46 109
47 109
48 109
49 109
50 109
51 109
52 109
53 109
54 109
55 109
56 109
57 109
58 109
59 109
60 109
61 109
62 109
63 109
64 109
65 109
67 109
157 109
158 109
159 109
160 109
161 109
162 109
163 109
164 109
165 109
166 109
167 109
168 109
169 109
170 109
171 109
172 109
173 109
174 109
175 109
176 109
177 109
178 109
32 110
33 110
34 110
39 110
40 110
41 110
42 110
43 110
44 110
45 110
46 110
47 110
48 110
49 110
50 110
51 110
52 110
53 110
54 110
55 110
56 110
57 110
62 110
63 110
64 110
65 110
66 110
67 110
156 110
157 110
158 110
159 110
160 110
161 110
162 110
163 110
164 110
165 110
166 110
167 110
168 110
169 110
170 110
171 110
172 110
173 110
174 110
175 110
176 110
177 110
178 110
179 110
39 111
40 111
41 111
42 111
43 111
44 111
45 111
46 111
51 111
52 111
53 111
54 111
55 111
56 111
62 111
63 111
64 111
65 111
66 111
156 111
157 111
158 111
159 111
162 111
163 111
164 111
165 111
166 111
167 111
168 111
169 111
170 111
171 111
172 111
173 111
174 111
175 111
176 111
177 111
178 111
179 111
39 112
40 112
41 112
42 112
43 112
44 112
54 112
55 112
156 112
157 112
158 112
163 112
164 112
165 112
166 112
167 112
168 112
169 112
170 112
171 112
172 112
173 112
174 112
175 112
176 112
178 112
32 113
157 113
158 113
162 113
163 113
164 113
165 113
166 113
167 113
168 113
169 113
170 113
171 113
172 113
173 113
174 113
175 113
176 113
178 113
161 114
162 114
163 114
164 114
165 114
166 114
167 114
168 114
169 114
170 114
171 114
172 114
173 114
157 115
158 115
160 115
161 115
162 115
163 115
164 115
165 115
166 115
167 115
168 115
169 115
170 115
171 115
172 115
173 115
72 116
157 116
158 116
159 116
160 116
161 116
162 116
163 116
164 116
165 116
166 116
167 116
168 116
169 116
170 116
171 116
172 116
173 116
70 117
71 117
72 117
73 117
74 117
75 117
76 117
77 117
78 117
157 117
158 117
159 117
160 117
161 117
162 117
163 117
164 117
165 117
166 117
167 117
168 117
169 117
170 117
171 117
172 117
173 117
70 118
71 118
72 118
73 118
74 118
75 118
76 118
77 118
78 118
79 118
156 118
157 118
158 118
159 118
160 118
161 118
162 118
163 118
164 118
165 118
166 118
167 118
168 118
169 118
170 118
171 118
172 118
173 118
70 119
71 119
72 119
73 119
74 119
75 119
76 119
77 119
78 119
79 119
80 119
81 119
157 119
158 119
159 119
160 119
161 119
162 119
163 119
164 119
165 119
166 119
167 119
168 119
169 119
170 119
171 119
172 119
173 119
71 120
72 120
73 120
74 120
75 120
76 120
77 120
78 120
79 120
80 120
81 120
82 120
157 120
158 120
159 120
160 120
161 120
162 120
163 120
164 120
165 120
166 120
167 120
168 120
45 121
46 121
71 121
72 121
73 121
74 121
75 121
76 121
77 121
78 121
79 121
80 121
81 121
82 121
83 121
84 121
85 121
160 121
161 121
162 121
163 121
164 121
165 121
166 121
167 121
168 121
44 122
45 122
46 122
47 122
71 122
72 122
73 122
74 122
75 122
76 122
77 122
78 122
79 122
80 122
81 122
82 122
83 122
84 122
85 122
86 122
162 122
163 122
164 122
165 122
166 122
167 122
44 123
45 123
46 123
71 123
72 123
73 123
74 123
75 123
76 123
77 123
78 123
79 123
80 123
81 123
82 123
83 123
84 123
85 123
86 123
163 123
164 123
165 123
166 123
167 123
168 123
44 124
45 124
46 124
70 124
71 124
72 124
73 124
74 124
75 124
76 124
77 124
78 124
79 124
80 124
81 124
82 124
83 124
84 124
85 124
86 124
87 124
163 124
164 124
165 124
166 124
167 124
168 124
44 125
45 125
70 125
71 125
72 125
73 125
74 125
75 125
76 125
77 125
78 125
79 125
80 125
81 125
82 125
83 125
84 125
85 125
86 125
87 125
88 125
164 125
165 125
166 125
167 125
168 125
70 126
71 126
72 126
73 126
74 126
75 126
76 126
77 126
78 126
79 126
80 126
81 126
82 126
83 126
84 126
85 126
86 126
87 126
88 126
89 126
163 126
164 126
165 126
166 126
167 126
168 126
71 127
72 127
73 127
74 127
75 127
76 127
77 127
78 127
81 127
82 127
83 127
84 127
85 127
86 127
87 127
88 127
89 127
164 127
165 127
166 127
69 128
71 128
72 128
73 128
74 128
75 128
76 128
77 128
81 128
83 128
84 128
85 128
86 128
87 128
88 128
89 128
164 128
165 128
166 128
66 129
67 129
68 129
70 129
71 129
72 129
73 129
74 129
75 129
76 129
77 129
78 129
83 129
84 129
85 129
88 129
155 129
156 129
163 129
164 129
35 130
65 130
66 130
67 130
68 130
69 130
70 130
71 130
72 130
73 130
74 130
75 130
76 130
77 130
79 130
82 130
83 130
84 130
85 130
154 130
155 130
156 130
157 130
158 130
159 130
161 130
162 130
163 130
164 130
165 130
35 131
36 131
37 131
38 131
39 131
50 131
51 131
52 131
53 131
64 131
65 131
66 131
67 131
68 131
69 131
70 131
71 131
72 131
73 131
74 131
75 131
76 131
77 131
78 131
79 131
80 131
81 131
82 131
83 131
84 131
154 131
155 131
156 131
157 131
158 131
159 131
160 131
161 131
162 131
163 131
164 131
34 132
35 132
36 132
37 132
38 132
39 132
40 132
41 132
42 132
49 132
50 132
51 132
52 132
53 132
54 132
55 132
56 132
57 132
62 132
63 132
64 132
65 132
66 132
67 132
68 132
69 132
70 132
71 132
72 132
73 132
74 132
75 132
76 132
77 132
78 132
79 132
80 132
81 132
82 132
83 132
145 132
149 132
151 132
154 132
155 132
156 132
157 132
158 132
159 132
160 132
34 133
35 133
36 133
37 133
38 133
39 133
40 133
41 133
42 133
43 133
47 133
48 133
49 133
50 133
51 133
52 133
53 133
54 133
55 133
56 133
57 133
58 133
59 133
63 133
64 133
65 133
66 133
67 133
68 133
69 133
70 133
71 133
72 133
73 133
74 133
75 133
76 133
77 133
78 133
79 133
80 133
81 133
146 133
148 133
154 133
155 133
156 133
157 133
158 133
159 133
160 133
35 134
36 134
37 134
38 134
39 134
40 134
41 134
42 134
43 134
44 134
45 134
46 134
47 134
48 134
49 134
50 134
51 134
52 134
53 134
54 134
55 134
56 134
57 134
58 134
59 134
63 134
64 134
65 134
66 134
67 134
68 134
69 134
70 134
71 134
72 134
73 134
74 134
75 134
76 134
77 134
78 134
79 134
80 134
81 134
143 134
144 134
145 134
146 134
147 134
155 134
156 134
157 134
158 134
159 134
160 134
35 135
36 135
37 135
38 135
39 135
40 135
41 135
42 135
43 135
44 135
45 135
46 135
47 135
48 135
49 135
50 135
51 135
52 135
53 135
54 135
55 135
56 135
57 135
58 135
59 135
60 135
63 135
64 135
65 135
66 135
67 135
68 135
69 135
70 135
71 135
72 135
73 135
74 135
75 135
76 135
77 135
78 135
79 135
80 135
142 135
143 135
144 135
145 135
146 135
147 135
155 135
156 135
157 135
158 135
159 135
36 136
37 136
38 136
39 136
40 136
41 136
42 136
43 136
44 136
45 136
46 136
47 136
48 136
49 136
50 136
51 136
52 136
53 136
54 136
55 136
56 136
57 136
58 136
59 136
62 136
63 136
64 136
65 136
66 136
67 136
68 136
69 136
70 136
71 136
72 136
73 136
74 136
75 136
76 136
77 136
78 136
79 136
80 136
142 136
143 136
144 136
145 136
146 136
147 136
148 136
149 136
156 136
157 136
158 136
159 136
160 136
36 137
37 137
38 137
39 137
40 137
41 137
42 137
43 137
44 137
45 137
46 137
47 137
48 137
49 137
50 137
51 137
52 137
53 137
54 137
55 137
56 137
57 137
58 137
59 137
64 137
65 137
66 137
67 137
68 137
69 137
70 137
71 137
72 137
73 137
74 137
75 137
76 137
77 137
78 137
79 137
80 137
140 137
141 137
142 137
143 137
144 137
145 137
146 137
147 137
148 137
149 137
150 137
156 137
157 137
158 137
159 137
36 138
37 138
38 138
39 138
40 138
41 138
42 138
43 138
44 138
45 138
46 138
47 138
48 138
49 138
50 138
51 138
52 138
53 138
54 138
55 138
56 138
57 138
58 138
59 138
60 138
64 138
65 138
66 138
67 138
68 138
69 138
70 138
71 138
72 138
73 138
74 138
75 138
76 138
77 138
78 138
79 138
80 138
140 138
141 138
142 138
143 138
144 138
145 138
146 138
147 138
148 138
149 138
150 138
151 138
156 138
157 138
158 138
159 138
36 139
37 139
38 139
39 139
40 139
41 139
42 139
43 139
44 139
45 139
46 139
47 139
48 139
49 139
50 139
51 139
52 139
53 139
54 139
55 139
56 139
57 139
58 139
59 139
60 139
61 139
65 139
66 139
67 139
68 139
69 139
70 139
71 139
72 139
73 139
74 139
75 139
76 139
77 139
78 139
79 139
138 139
139 139
140 139
141 139
142 139
143 139
144 139
145 139
146 139
147 139
148 139
149 139
150 139
151 139
156 139
157 139
158 139
159 139
36 140
37 140
38 140
39 140
40 140
41 140
42 140
43 140
44 140
45 140
46 140
47 140
48 140
49 140
50 140
51 140
52 140
53 140
54 140
55 140
56 140
57 140
58 140
59 140
60 140
61 140
65 140
66 140
67 140
68 140
69 140
70 140
71 140
72 140
73 140
74 140
75 140
76 140
77 140
78 140
79 140
135 140
136 140
137 140
138 140
139 140
140 140
141 140
142 140
143 140
144 140
145 140
146 140
147 140
148 140
149 140
150 140
151 140
156 140
157 140
158 140
159 140
36 141
37 141
38 141
39 141
40 141
41 141
42 141
43 141
44 141
45 141
46 141
47 141
48 141
49 141
50 141
51 141
52 141
53 141
54 141
55 141
56 141
57 141
58 141
59 141
60 141
61 141
62 141
63 141
65 141
66 141
67 141
68 141
69 141
70 141
71 141
72 141
73 141
74 141
75 141
76 141
77 141
78 141
79 141
134 141
135 141
136 141
137 141
138 141
139 141
140 141
141 141
142 141
143 141
144 141
145 141
146 141
147 141
148 141
149 141
150 141
155 141
156 141
157 141
158 141
159 141
37 142
38 142
39 142
40 142
41 142
42 142
43 142
44 142
45 142
46 142
47 142
48 142
49 142
50 142
51 142
52 142
53 142
54 142
55 142
56 142
57 142
58 142
59 142
60 142
61 142
62 142
63 142
64 142
65 142
66 142
67 142
68 142
69 142
70 142
71 142
72 142
73 142
74 142
75 142
76 142
77 142
78 142
79 142
80 142
130 142
131 142
132 142
133 142
134 142
135 142
136 142
137 142
138 142
139 142
140 142
141 142
142 142
143 142
144 142
145 142
146 142
147 142
148 142
149 142
150 142
151 142
155 142
156 142
157 142
158 142
159 142
38 143
39 143
40 143
41 143
42 143
43 143
44 143
45 143
46 143
47 143
48 143
49 143
50 143
51 143
52 143
53 143
54 143
55 143
56 143
57 143
58 143
59 143
60 143
61 143
62 143
63 143
64 143
65 143
66 143
67 143
68 143
69 143
70 143
71 143
72 143
73 143
74 143
75 143
76 143
77 143
78 143
79 143
80 143
130 143
131 143
132 143
133 143
134 143
135 143
136 143
137 143
138 143
139 143
140 143
141 143
142 143
143 143
144 143
145 143
146 143
147 143
148 143
149 143
150 143
155 143
156 143
157 143
158 143
159 143
38 144
39 144
40 144
41 144
42 144
43 144
44 144
45 144
46 144
47 144
48 144
49 144
50 144
51 144
52 144
53 144
54 144
55 144
56 144
57 144
58 144
59 144
60 144
61 144
62 144
63 144
64 144
65 144
66 144
67 144
68 144
69 144
70 144
71 144
72 144
73 144
78 144
79 144
110 144
111 144
112 144
130 144
131 144
132 144
136 144
137 144
138 144
139 144
140 144
141 144
142 144
143 144
144 144
145 144
146 144
147 144
148 144
149 144
155 144
156 144
157 144
158 144
159 144
38 145
39 145
40 145
41 145
42 145
43 145
44 145
45 145
46 145
47 145
48 145
49 145
50 145
51 145
52 145
53 145
54 145
55 145
56 145
57 145
58 145
59 145
60 145
61 145
62 145
63 145
64 145
65 145
66 145
67 145
68 145
69 145
70 145
71 145
72 145
79 145
109 145
110 145
111 145
112 145
113 145
114 145
131 145
138 145
142 145
143 145
144 145
145 145
146 145
147 145
148 145
149 145
156 145
157 145
38 146
39 146
40 146
41 146
42 146
43 146
44 146
45 146
46 146
47 146
48 146
49 146
50 146
51 146
52 146
53 146
54 146
55 146
56 146
57 146
58 146
59 146
60 146
61 146
62 146
63 146
64 146
65 146
66 146
67 146
68 146
69 146
70 146
71 146
79 146
80 146
81 146
82 146
83 146
84 146
85 146
86 146
107 146
108 146
109 146
110 146
111 146
112 146
113 146
114 146
115 146
145 146
146 146
147 146
148 146
157 146
39 147
40 147
41 147
42 147
43 147
44 147
45 147
46 147
47 147
48 147
49 147
50 147
51 147
52 147
53 147
54 147
55 147
56 147
57 147
58 147
59 147
60 147
61 147
62 147
63 147
64 147
65 147
66 147
67 147
68 147
69 147
70 147
71 147
72 147
78 147
79 147
80 147
81 147
82 147
83 147
84 147
85 147
86 147
89 147
90 147
91 147
92 147
106 147
107 147
108 147
109 147
110 147
111 147
112 147
113 147
114 147
115 147
116 147
117 147
118 147
119 147
120 147
145 147
146 147
147 147
148 147
40 148
41 148
42 148
43 148
44 148
45 148
46 148
47 148
48 148
49 148
50 148
51 148
52 148
53 148
54 148
55 148
56 148
57 148
58 148
59 148
60 148
61 148
62 148
63 148
64 148
65 148
66 148
67 148
68 148
69 148
70 148
71 148
75 148
76 148
77 148
78 148
79 148
80 148
81 148
82 148
83 148
84 148
85 148
86 148
87 148
88 148
89 148
90 148
91 148
92 148
93 148
105 148
106 148
107 148
108 148
109 148
110 148
111 148
112 148
113 148
114 148
115 148
116 148
117 148
118 148
119 148
120 148
121 148
122 148
132 148
133 148
134 148
139 148
147 148
148 148
158 148
40 149
41 149
42 149
43 149
44 149
45 149
46 149
47 149
48 149
49 149
50 149
51 149
52 149
53 149
54 149
55 149
56 149
57 149
58 149
59 149
60 149
61 149
62 149
63 149
64 149
65 149
66 149
67 149
68 149
69 149
70 149
71 149
72 149
73 149
74 149
75 149
76 149
77 149
78 149
79 149
80 149
81 149
82 149
83 149
84 149
85 149
86 149
87 149
88 149
89 149
90 149
91 149
92 149
93 149
104 149
105 149
106 149
107 149
108 149
109 149
110 149
111 149
112 149
113 149
114 149
115 149
116 149
117 149
118 149
119 149
120 149
121 149
122 149
129 149
130 149
131 149
132 149
133 149
134 149
135 149
136 149
138 149
139 149
140 149
145 149
146 149
147 149
41 150
42 150
43 150
44 150
45 150
46 150
47 150
48 150
49 150
50 150
51 150
52 150
53 150
54 150
55 150
56 150
57 150
58 150
59 150
60 150
61 150
62 150
63 150
64 150
65 150
66 150
67 150
68 150
69 150
70 150
71 150
72 150
73 150
74 150
75 150
76 150
77 150
78 150
79 150
80 150
81 150
82 150
83 150
84 150
85 150
86 150
87 150
88 150
89 150
90 150
91 150
92 150
93 150
96 150
100 150
101 150
105 150
106 150
107 150
108 150
109 150
110 150
111 150
112 150
113 150
114 150
115 150
116 150
117 150
118 150
119 150
120 150
121 150
122 150
123 150
131 150
132 150
133 150
134 150
135 150
136 150
138 150
139 150
140 150
141 150
144 150
145 150
146 150
42 151
43 151
44 151
45 151
46 151
47 151
48 151
49 151
50 151
51 151
52 151
53 151
54 151
55 151
56 151
57 151
58 151
59 151
60 151
61 151
62 151
63 151
64 151
65 151
66 151
67 151
68 151
69 151
70 151
71 151
72 151
73 151
74 151
75 151
76 151
77 151
78 151
79 151
80 151
81 151
82 151
83 151
84 151
85 151
86 151
87 151
88 151
89 151
90 151
91 151
92 151
94 151
95 151
100 151
107 151
108 151
109 151
110 151
111 151
112 151
113 151
114 151
115 151
116 151
117 151
118 151
119 151
120 151
121 151
122 151
123 151
133 151
134 151
135 151
136 151
137 151
138 151
139 151
145 151
146 151
44 152
45 152
46 152
47 152
48 152
49 152
50 152
51 152
52 152
53 152
54 152
55 152
56 152
57 152
58 152
59 152
60 152
61 152
62 152
63 152
64 152
65 152
66 152
67 152
68 152
69 152
70 152
71 152
72 152
73 152
74 152
75 152
76 152
77 152
78 152
79 152
80 152
81 152
82 152
83 152
84 152
85 152
86 152
87 152
88 152
89 152
90 152
91 152
93 152
109 152
110 152
111 152
112 152
113 152
114 152
115 152
116 152
117 152
118 152
119 152
120 152
121 152
122 152
123 152
46 153
47 153
48 153
49 153
50 153
51 153
52 153
53 153
54 153
55 153
56 153
57 153
58 153
59 153
61 153
62 153
63 153
64 153
65 153
66 153
67 153
68 153
69 153
70 153
71 153
72 153
73 153
74 153
75 153
82 153
83 153
84 153
85 153
86 153
87 153
88 153
111 153
112 153
113 153
114 153
115 153
116 153
117 153
118 153
119 153
120 153
121 153
122 153
123 153
55 154
56 154
57 154
58 154
59 154
64 154
65 154
66 154
67 154
83 154
84 154
85 154
86 154
113 154
114 154
115 154
116 154
119 154
120 154
121 154
122 154
120 155
113 156
114 156
115 156
120 156
59 157
79 157
80 157
81 157
108 157
109 157
