108 29
109 29
107 30
108 30
109 30
110 30
111 30
112 30
113 30
114 30
83 31
84 31
85 31
95 31
96 31
97 31
98 31
99 31
100 31
101 31
102 31
103 31
104 31
105 31
106 31
107 31
108 31
109 31
110 31
111 31
112 31
113 31
114 31
73 32
74 32
75 32
76 32
77 32
78 32
79 32
80 32
81 32
82 32
83 32
84 32
95 32
96 32
97 32
98 32
99 32
100 32
101 32
102 32
103 32
104 32
105 32
106 32
107 32
108 32
109 32
110 32
111 32
112 32
113 32
72 33
73 33
74 33
75 33
76 33
77 33
78 33
79 33
80 33
81 33
82 33
83 33
95 33
96 33
97 33
98 33
99 33
100 33
101 33
102 33
103 33
104 33
105 33
106 33
107 33
108 33
109 33
110 33
111 33
112 33
72 34
73 34
74 34
75 34
76 34
77 34
78 34
79 34
80 34
83 34
96 34
97 34
98 34
99 34
100 34
101 34
102 34
103 34
104 34
105 34
106 34
107 34
108 34
109 34
110 34
111 34
112 34
113 34
73 35
74 35
75 35
76 35
77 35
78 35
79 35
96 35
97 35
98 35
99 35
100 35
101 35
102 35
103 35
104 35
105 35
106 35
107 35
108 35
109 35
110 35
111 35
112 35
74 36
75 36
76 36
77 36
78 36
79 36
97 36
98 36
99 36
100 36
101 36
102 36
103 36
104 36
105 36
106 36
107 36
108 36
109 36
110 36
111 36
112 36
75 37
76 37
77 37
78 37
97 37
98 37
99 37
100 37
101 37
102 37
103 37
104 37
105 37
106 37
107 37
108 37
109 37
110 37
111 37
112 37
113 37
63 38
76 38
77 38
78 38
100 38
101 38
102 38
103 38
104 38
105 38
106 38
107 38
108 38
109 38
110 38
111 38
113 38
122 38
54 39
55 39
56 39
57 39
58 39
59 39
63 39
75 39
76 39
77 39
101 39
102 39
103 39
104 39
105 39
106 39
107 39
108 39
109 39
110 39
111 39
112 39
113 39
123 39
57 40
58 40
59 40
75 40
76 40
77 40
103 40
104 40
105 40
106 40
107 40
108 40
109 40
110 40
111 40
112 40
113 40
122 40
123 40
57 41
74 41
75 41
76 41
77 41
103 41
104 41
105 41
106 41
107 41
108 41
109 41
110 41
111 41
112 41
122 41
123 41
74 42
75 42
76 42
77 42
78 42
104 42
105 42
106 42
107 42
108 42
109 42
110 42
111 42
121 42
122 42
123 42
74 43
75 43
76 43
77 43
78 43
105 43
106 43
107 43
108 43
120 43
121 43
122 43
123 43
124 43
73 44
74 44
75 44
76 44
77 44
78 44
120 44
121 44
122 44
123 44
124 44
73 45
74 45
75 45
76 45
77 45
78 45
79 45
120 45
121 45
122 45
123 45
124 45
73 46
74 46
75 46
76 46
77 46
78 46
79 46
120 46
121 46
122 46
123 46
124 46
72 47
73 47
74 47
75 47
76 47
77 47
78 47
79 47
121 47
122 47
123 47
124 47
125 47
126 47
127 47
58 48
59 48
60 48
61 48
68 48
69 48
70 48
71 48
72 48
73 48
74 48
75 48
76 48
77 48
78 48
79 48
89 48
121 48
122 48
123 48
124 48
125 48
126 48
127 48
58 49
59 49
60 49
61 49
62 49
63 49
64 49
65 49
66 49
67 49
68 49
69 49
70 49
71 49
72 49
73 49
74 49
75 49
76 49
77 49
78 49
79 49
89 49
90 49
121 49
122 49
123 49
124 49
125 49
126 49
127 49
128 49
58 50
59 50
60 50
61 50
62 50
63 50
64 50
65 50
66 50
67 50
68 50
69 50
70 50
71 50
72 50
73 50
74 50
75 50
76 50
77 50
78 50
95 50
96 50
97 50
98 50
120 50
121 50
122 50
123 50
124 50
125 50
126 50
127 50
128 50
59 51
60 51
61 51
62 51
63 51
64 51
65 51
66 51
67 51
68 51
69 51
70 51
71 51
72 51
73 51
74 51
75 51
76 51
77 51
78 51
89 51
90 51
91 51
92 51
93 51
94 51
95 51
96 51
97 51
98 51
99 51
119 51
120 51
121 51
122 51
123 51
124 51
125 51
126 51
127 51
128 51
129 51
59 52
60 52
61 52
62 52
63 52
64 52
65 52
66 52
67 52
68 52
69 52
70 52
71 52
72 52
73 52
74 52
75 52
76 52
77 52
78 52
88 52
89 52
90 52
91 52
92 52
93 52
94 52
95 52
96 52
97 52
98 52
107 52
108 52
109 52
110 52
111 52
113 52
119 52
120 52
121 52
122 52
123 52
124 52
125 52
126 52
127 52
128 52
129 52
130 52
59 53
60 53
61 53
62 53
63 53
64 53
65 53
66 53
67 53
68 53
69 53
70 53
71 53
72 53
73 53
74 53
75 53
76 53
77 53
78 53
79 53
87 53
88 53
89 53
90 53
91 53
92 53
93 53
94 53
95 53
96 53
97 53
105 53
106 53
107 53
108 53
109 53
110 53
111 53
113 53
119 53
120 53
121 53
122 53
123 53
124 53
125 53
126 53
127 53
128 53
129 53
130 53
131 53
60 54
61 54
62 54
63 54
67 54
68 54
69 54
70 54
71 54
72 54
73 54
74 54
75 54
76 54
77 54
78 54
79 54
87 54
88 54
90 54
91 54
92 54
93 54
94 54
95 54
110 54
111 54
112 54
113 54
119 54
120 54
121 54
122 54
123 54
124 54
125 54
126 54
127 54
128 54
129 54
130 54
131 54
132 54
60 55
61 55
62 55
67 55
68 55
69 55
70 55
71 55
72 55
73 55
74 55
75 55
76 55
77 55
78 55
79 55
80 55
87 55
88 55
89 55
90 55
91 55
92 55
93 55
94 55
95 55
110 55
111 55
112 55
113 55
118 55
119 55
120 55
121 55
122 55
123 55
124 55
125 55
126 55
127 55
128 55
129 55
130 55
132 55
60 56
61 56
62 56
65 56
66 56
67 56
68 56
69 56
70 56
71 56
72 56
73 56
74 56
75 56
76 56
77 56
78 56
79 56
80 56
90 56
91 56
92 56
93 56
94 56
95 56
110 56
111 56
112 56
113 56
118 56
119 56
120 56
121 56
122 56
123 56
124 56
125 56
126 56
127 56
128 56
129 56
132 56
133 56
60 57
61 57
62 57
65 57
66 57
67 57
68 57
69 57
70 57
71 57
72 57
73 57
74 57
75 57
76 57
77 57
78 57
79 57
80 57
81 57
92 57
93 57
94 57
95 57
96 57
110 57
111 57
112 57
113 57
114 57
117 57
118 57
119 57
120 57
121 57
122 57
123 57
124 57
125 57
126 57
127 57
128 57
129 57
130 57
132 57
133 57
61 58
62 58
66 58
67 58
68 58
69 58
70 58
71 58
72 58
73 58
74 58
75 58
76 58
77 58
78 58
79 58
80 58
93 58
94 58
95 58
96 58
102 58
103 58
110 58
111 58
112 58
113 58
114 58
117 58
118 58
119 58
120 58
121 58
122 58
123 58
124 58
125 58
126 58
127 58
128 58
129 58
134 58
61 59
62 59
63 59
65 59
66 59
67 59
68 59
69 59
70 59
71 59
72 59
73 59
74 59
75 59
76 59
77 59
78 59
79 59
80 59
94 59
95 59
96 59
102 59
103 59
104 59
105 59
106 59
107 59
108 59
109 59
110 59
111 59
112 59
113 59
114 59
116 59
117 59
118 59
119 59
120 59
121 59
122 59
123 59
124 59
125 59
126 59
127 59
128 59
129 59
130 59
61 60
62 60
63 60
64 60
65 60
66 60
67 60
68 60
69 60
70 60
71 60
72 60
73 60
74 60
75 60
76 60
77 60
78 60
79 60
80 60
94 60
95 60
102 60
103 60
104 60
105 60
106 60
107 60
108 60
109 60
110 60
111 60
112 60
113 60
114 60
115 60
116 60
117 60
118 60
119 60
120 60
121 60
122 60
123 60
124 60
125 60
126 60
127 60
128 60
129 60
135 60
149 60
61 61
62 61
63 61
64 61
65 61
67 61
70 61
71 61
72 61
73 61
74 61
75 61
76 61
77 61
78 61
79 61
80 61
102 61
103 61
104 61
105 61
106 61
107 61
108 61
109 61
110 61
111 61
112 61
113 61
114 61
115 61
116 61
117 61
118 61
119 61
120 61
121 61
122 61
123 61
124 61
125 61
126 61
127 61
128 61
129 61
136 61
149 61
61 62
62 62
63 62
64 62
71 62
72 62
73 62
74 62
75 62
76 62
78 62
79 62
106 62
108 62
109 62
110 62
111 62
113 62
114 62
115 62
116 62
117 62
118 62
119 62
120 62
121 62
122 62
123 62
124 62
125 62
126 62
127 62
128 62
129 62
137 62
149 62
61 63
62 63
63 63
64 63
71 63
72 63
73 63
74 63
75 63
76 63
77 63
78 63
92 63
93 63
94 63
109 63
110 63
111 63
112 63
113 63
114 63
115 63
116 63
117 63
118 63
119 63
120 63
121 63
122 63
123 63
124 63
125 63
126 63
127 63
128 63
137 63
148 63
149 63
150 63
61 64
62 64
63 64
64 64
71 64
72 64
73 64
74 64
92 64
93 64
94 64
95 64
109 64
110 64
111 64
112 64
113 64
114 64
115 64
116 64
117 64
118 64
119 64
120 64
121 64
122 64
123 64
124 64
125 64
126 64
127 64
128 64
137 64
138 64
147 64
148 64
149 64
150 64
151 64
61 65
62 65
63 65
64 65
71 65
72 65
73 65
74 65
75 65
92 65
93 65
94 65
95 65
109 65
110 65
111 65
112 65
118 65
119 65
124 65
125 65
126 65
127 65
137 65
138 65
146 65
147 65
148 65
149 65
150 65
151 65
60 66
61 66
62 66
63 66
64 66
65 66
68 66
69 66
70 66
71 66
72 66
73 66
74 66
75 66
92 66
93 66
94 66
95 66
111 66
112 66
124 66
125 66
126 66
127 66
128 66
137 66
138 66
139 66
145 66
146 66
147 66
148 66
149 66
150 66
151 66
59 67
60 67
61 67
62 67
63 67
64 67
65 67
66 67
68 67
69 67
70 67
71 67
72 67
73 67
74 67
75 67
92 67
93 67
94 67
95 67
125 67
126 67
127 67
137 67
138 67
139 67
144 67
145 67
146 67
147 67
148 67
149 67
150 67
151 67
43 68
44 68
45 68
57 68
58 68
59 68
60 68
61 68
62 68
63 68
64 68
65 68
66 68
70 68
71 68
72 68
73 68
74 68
75 68
92 68
93 68
94 68
95 68
125 68
126 68
127 68
137 68
138 68
139 68
140 68
141 68
142 68
143 68
144 68
145 68
146 68
147 68
148 68
149 68
150 68
151 68
152 68
153 68
39 69
40 69
41 69
42 69
43 69
44 69
45 69
46 69
47 69
51 69
52 69
53 69
54 69
55 69
56 69
57 69
58 69
59 69
60 69
61 69
62 69
63 69
64 69
65 69
66 69
71 69
72 69
73 69
74 69
75 69
76 69
92 69
93 69
94 69
95 69
109 69
110 69
111 69
112 69
125 69
126 69
137 69
138 69
139 69
140 69
141 69
142 69
143 69
144 69
145 69
146 69
147 69
148 69
149 69
150 69
151 69
152 69
153 69
154 69
39 70
40 70
41 70
42 70
43 70
44 70
45 70
46 70
49 70
50 70
51 70
52 70
53 70
54 70
55 70
56 70
57 70
58 70
59 70
60 70
61 70
62 70
63 70
64 70
65 70
71 70
72 70
73 70
74 70
75 70
76 70
92 70
93 70
94 70
95 70
96 70
97 70
108 70
109 70
110 70
111 70
112 70
113 70
121 70
122 70
123 70
124 70
125 70
138 70
139 70
140 70
141 70
142 70
143 70
144 70
145 70
146 70
147 70
148 70
149 70
150 70
151 70
152 70
153 70
154 70
155 70
156 70
157 70
158 70
159 70
160 70
161 70
162 70
40 71
41 71
42 71
43 71
44 71
45 71
46 71
47 71
48 71
49 71
50 71
51 71
52 71
53 71
54 71
55 71
56 71
57 71
58 71
59 71
60 71
61 71
62 71
63 71
64 71
65 71
71 71
72 71
73 71
74 71
75 71
91 71
92 71
93 71
94 71
95 71
96 71
108 71
109 71
110 71
111 71
112 71
113 71
122 71
123 71
124 71
125 71
138 71
139 71
140 71
141 71
142 71
143 71
144 71
145 71
146 71
147 71
148 71
149 71
150 71
151 71
152 71
153 71
154 71
155 71
156 71
157 71
158 71
159 71
160 71
161 71
162 71
39 72
40 72
41 72
42 72
43 72
44 72
45 72
46 72
47 72
48 72
49 72
50 72
51 72
52 72
53 72
54 72
55 72
56 72
57 72
58 72
59 72
60 72
61 72
62 72
63 72
64 72
72 72
73 72
74 72
75 72
91 72
92 72
93 72
94 72
95 72
96 72
108 72
109 72
110 72
111 72
112 72
113 72
114 72
122 72
123 72
124 72
125 72
139 72
140 72
141 72
142 72
143 72
144 72
145 72
146 72
147 72
148 72
149 72
150 72
151 72
152 72
153 72
154 72
155 72
156 72
157 72
158 72
159 72
160 72
161 72
162 72
39 73
40 73
41 73
42 73
43 73
44 73
45 73
46 73
47 73
48 73
49 73
50 73
51 73
52 73
53 73
54 73
55 73
56 73
57 73
58 73
59 73
60 73
61 73
62 73
63 73
72 73
73 73
74 73
75 73
91 73
92 73
93 73
94 73
95 73
96 73
98 73
109 73
110 73
111 73
112 73
113 73
114 73
121 73
122 73
123 73
124 73
139 73
140 73
141 73
142 73
143 73
144 73
145 73
146 73
147 73
148 73
149 73
150 73
151 73
152 73
153 73
154 73
155 73
156 73
157 73
158 73
159 73
160 73
161 73
162 73
40 74
41 74
42 74
43 74
44 74
45 74
46 74
47 74
48 74
49 74
50 74
51 74
52 74
53 74
54 74
57 74
58 74
59 74
60 74
61 74
62 74
63 74
72 74
73 74
74 74
75 74
91 74
92 74
93 74
94 74
95 74
96 74
97 74
98 74
109 74
110 74
111 74
112 74
113 74
121 74
122 74
123 74
124 74
125 74
138 74
139 74
140 74
141 74
142 74
143 74
144 74
145 74
146 74
147 74
148 74
149 74
150 74
151 74
152 74
153 74
154 74
155 74
156 74
157 74
158 74
159 74
160 74
161 74
162 74
40 75
41 75
42 75
43 75
44 75
45 75
46 75
47 75
48 75
49 75
50 75
51 75
52 75
53 75
59 75
60 75
61 75
62 75
63 75
72 75
73 75
74 75
75 75
89 75
90 75
91 75
92 75
93 75
97 75
98 75
110 75
111 75
112 75
113 75
122 75
123 75
124 75
125 75
126 75
130 75
131 75
132 75
133 75
134 75
135 75
136 75
137 75
138 75
139 75
140 75
141 75
142 75
143 75
144 75
145 75
146 75
147 75
148 75
149 75
150 75
151 75
152 75
153 75
154 75
155 75
156 75
157 75
158 75
159 75
160 75
161 75
40 76
41 76
42 76
43 76
44 76
45 76
46 76
47 76
48 76
49 76
50 76
51 76
52 76
53 76
61 76
72 76
73 76
74 76
75 76
88 76
89 76
90 76
98 76
99 76
110 76
111 76
112 76
113 76
122 76
123 76
124 76
125 76
126 76
141 76
142 76
143 76
144 76
145 76
146 76
147 76
148 76
149 76
150 76
151 76
152 76
153 76
154 76
155 76
156 76
157 76
158 76
159 76
160 76
161 76
41 77
42 77
43 77
44 77
45 77
46 77
47 77
48 77
49 77
50 77
51 77
52 77
53 77
71 77
72 77
73 77
74 77
75 77
87 77
88 77
89 77
90 77
98 77
99 77
100 77
101 77
110 77
111 77
112 77
113 77
122 77
123 77
124 77
143 77
144 77
145 77
146 77
147 77
148 77
149 77
150 77
151 77
152 77
153 77
154 77
155 77
156 77
157 77
158 77
159 77
160 77
161 77
41 78
42 78
43 78
44 78
45 78
46 78
47 78
48 78
49 78
50 78
51 78
52 78
53 78
72 78
73 78
74 78
87 78
88 78
89 78
97 78
98 78
99 78
100 78
101 78
110 78
111 78
112 78
113 78
122 78
123 78
144 78
145 78
146 78
147 78
148 78
149 78
150 78
151 78
152 78
153 78
154 78
155 78
156 78
157 78
158 78
159 78
160 78
161 78
42 79
43 79
44 79
45 79
46 79
47 79
48 79
49 79
50 79
51 79
52 79
73 79
87 79
88 79
97 79
98 79
110 79
111 79
112 79
122 79
123 79
146 79
147 79
148 79
149 79
150 79
151 79
152 79
153 79
154 79
155 79
156 79
157 79
158 79
159 79
160 79
161 79
44 80
45 80
46 80
47 80
48 80
49 80
50 80
51 80
52 80
73 80
74 80
109 80
110 80
121 80
122 80
144 80
145 80
146 80
147 80
148 80
149 80
150 80
158 80
159 80
160 80
161 80
44 81
45 81
46 81
47 81
48 81
49 81
50 81
51 81
52 81
73 81
109 81
120 81
121 81
146 81
147 81
148 81
149 81
158 81
159 81
31 82
32 82
33 82
44 82
45 82
46 82
47 82
48 82
49 82
50 82
51 82
52 82
73 82
120 82
121 82
146 82
147 82
148 82
31 83
32 83
33 83
34 83
35 83
36 83
37 83
43 83
45 83
46 83
47 83
48 83
49 83
50 83
51 83
52 83
74 83
120 83
146 83
147 83
148 83
155 83
31 84
32 84
33 84
34 84
35 84
36 84
37 84
38 84
43 84
44 84
45 84
46 84
47 84
48 84
49 84
50 84
51 84
52 84
74 84
75 84
119 84
120 84
146 84
147 84
148 84
154 84
32 85
33 85
34 85
35 85
36 85
37 85
38 85
44 85
45 85
46 85
47 85
48 85
49 85
50 85
51 85
52 85
119 85
120 85
146 85
147 85
148 85
153 85
32 86
34 86
35 86
36 86
37 86
43 86
44 86
45 86
46 86
47 86
48 86
49 86
50 86
51 86
52 86
90 86
119 86
146 86
147 86
148 86
152 86
34 87
35 87
36 87
43 87
44 87
45 87
46 87
47 87
48 87
49 87
50 87
51 87
52 87
86 87
87 87
88 87
89 87
90 87
91 87
119 87
146 87
147 87
148 87
149 87
150 87
151 87
32 88
33 88
34 88
35 88
36 88
37 88
39 88
42 88
43 88
44 88
45 88
46 88
47 88
48 88
49 88
50 88
51 88
52 88
69 88
70 88
71 88
72 88
73 88
74 88
75 88
81 88
82 88
83 88
84 88
85 88
86 88
87 88
88 88
89 88
90 88
91 88
118 88
119 88
146 88
147 88
148 88
149 88
150 88
32 89
33 89
34 89
35 89
36 89
37 89
38 89
42 89
43 89
44 89
45 89
46 89
47 89
48 89
49 89
50 89
51 89
52 89
66 89
67 89
68 89
69 89
70 89
71 89
72 89
73 89
74 89
75 89
76 89
77 89
78 89
79 89
80 89
81 89
82 89
83 89
84 89
85 89
86 89
87 89
88 89
89 89
90 89
91 89
119 89
146 89
147 89
148 89
149 89
32 90
33 90
34 90
35 90
36 90
37 90
38 90
39 90
42 90
43 90
44 90
45 90
46 90
47 90
48 90
49 90
50 90
51 90
68 90
69 90
70 90
71 90
72 90
73 90
74 90
75 90
76 90
77 90
78 90
79 90
80 90
81 90
82 90
83 90
84 90
85 90
86 90
87 90
88 90
89 90
90 90
91 90
119 90
146 90
147 90
148 90
32 91
33 91
34 91
35 91
36 91
37 91
38 91
43 91
44 91
45 91
46 91
47 91
48 91
49 91
50 91
69 91
70 91
71 91
72 91
73 91
74 91
75 91
76 91
77 91
78 91
79 91
80 91
81 91
82 91
83 91
84 91
85 91
86 91
87 91
88 91
89 91
90 91
91 91
119 91
120 91
32 92
33 92
34 92
35 92
36 92
37 92
38 92
42 92
43 92
44 92
45 92
46 92
47 92
48 92
49 92
50 92
51 92
69 92
70 92
71 92
72 92
73 92
74 92
75 92
76 92
77 92
78 92
79 92
80 92
81 92
82 92
83 92
84 92
85 92
86 92
87 92
88 92
89 92
90 92
91 92
119 92
120 92
146 92
147 92
148 92
32 93
33 93
34 93
35 93
36 93
37 93
38 93
39 93
41 93
42 93
43 93
44 93
45 93
46 93
47 93
48 93
49 93
50 93
51 93
69 93
70 93
71 93
72 93
73 93
74 93
75 93
76 93
77 93
78 93
79 93
80 93
81 93
82 93
83 93
84 93
85 93
86 93
87 93
88 93
89 93
90 93
91 93
118 93
119 93
120 93
121 93
145 93
146 93
147 93
148 93
32 94
33 94
37 94
38 94
39 94
40 94
41 94
42 94
43 94
44 94
45 94
46 94
47 94
52 94
53 94
54 94
68 94
69 94
70 94
71 94
72 94
73 94
74 94
75 94
76 94
77 94
78 94
79 94
80 94
81 94
82 94
83 94
84 94
85 94
86 94
87 94
88 94
89 94
90 94
91 94
113 94
114 94
115 94
116 94
117 94
118 94
119 94
120 94
121 94
145 94
146 94
147 94
148 94
149 94
161 94
162 94
163 94
164 94
59 95
60 95
61 95
70 95
71 95
72 95
73 95
74 95
75 95
76 95
77 95
78 95
79 95
80 95
81 95
82 95
83 95
84 95
85 95
86 95
87 95
91 95
92 95
97 95
103 95
104 95
112 95
113 95
114 95
115 95
116 95
117 95
118 95
119 95
120 95
121 95
122 95
144 95
145 95
146 95
147 95
148 95
149 95
161 95
162 95
163 95
164 95
165 95
71 96
72 96
73 96
74 96
75 96
76 96
81 96
82 96
83 96
84 96
85 96
86 96
92 96
93 96
94 96
95 96
105 96
106 96
107 96
108 96
109 96
110 96
121 96
122 96
123 96
143 96
144 96
145 96
146 96
147 96
148 96
149 96
161 96
162 96
163 96
164 96
165 96
166 96
72 97
73 97
74 97
75 97
76 97
82 97
83 97
84 97
85 97
122 97
123 97
124 97
141 97
142 97
143 97
144 97
145 97
73 98
74 98
75 98
82 98
83 98
84 98
122 98
123 98
124 98
125 98
126 98
139 98
140 98
141 98
142 98
143 98
144 98
82 99
83 99
84 99
122 99
123 99
125 99
126 99
127 99
135 99
136 99
137 99
138 99
139 99
140 99
141 99
143 99
49 100
121 100
128 100
129 100
130 100
131 100
132 100
133 100
134 100
135 100
136 100
137 100
138 100
142 100
47 101
48 101
49 101
50 101
99 101
100 101
120 101
121 101
122 101
130 101
131 101
132 101
133 101
134 101
135 101
142 101
45 102
46 102
47 102
48 102
49 102
50 102
98 102
99 102
100 102
101 102
117 102
118 102
119 102
120 102
121 102
122 102
123 102
124 102
132 102
133 102
134 102
44 103
45 103
46 103
47 103
48 103
49 103
50 103
98 103
99 103
100 103
101 103
117 103
118 103
119 103
120 103
121 103
122 103
123 103
132 103
133 103
134 103
43 104
44 104
45 104
47 104
48 104
49 104
50 104
98 104
99 104
100 104
101 104
117 104
118 104
119 104
120 104
121 104
122 104
123 104
124 104
125 104
131 104
132 104
133 104
134 104
141 104
42 105
43 105
44 105
45 105
48 105
49 105
98 105
99 105
100 105
118 105
119 105
120 105
121 105
122 105
123 105
124 105
125 105
141 105
42 106
43 106
44 106
45 106
46 106
48 106
49 106
98 106
99 106
100 106
119 106
120 106
121 106
122 106
123 106
124 106
125 106
42 107
43 107
44 107
45 107
46 107
47 107
48 107
49 107
98 107
99 107
100 107
119 107
120 107
121 107
122 107
123 107
124 107
134 107
140 107
42 108
43 108
44 108
45 108
46 108
47 108
48 108
49 108
119 108
120 108
121 108
122 108
123 108
131 108
133 108
134 108
140 108
42 109
43 109
44 109
45 109
46 109
47 109
48 109
120 109
121 109
122 109
123 109
130 109
131 109
132 109
133 109
134 109
135 109
140 109
42 110
43 110
44 110
45 110
46 110
47 110
48 110
120 110
121 110
122 110
123 110
124 110
128 110
129 110
130 110
131 110
132 110
133 110
134 110
135 110
140 110
141 110
42 111
43 111
44 111
45 111
46 111
47 111
120 111
121 111
122 111
123 111
124 111
125 111
126 111
127 111
128 111
129 111
130 111
131 111
132 111
133 111
134 111
135 111
136 111
137 111
140 111
141 111
42 112
43 112
44 112
45 112
46 112
47 112
88 112
89 112
90 112
119 112
120 112
121 112
122 112
123 112
124 112
125 112
126 112
127 112
128 112
129 112
130 112
131 112
132 112
133 112
134 112
135 112
136 112
137 112
138 112
139 112
140 112
141 112
41 113
42 113
43 113
44 113
45 113
46 113
47 113
68 113
69 113
70 113
71 113
72 113
88 113
89 113
90 113
91 113
118 113
119 113
120 113
121 113
122 113
123 113
124 113
125 113
126 113
127 113
128 113
129 113
130 113
131 113
132 113
133 113
134 113
135 113
136 113
137 113
138 113
139 113
31 114
32 114
33 114
34 114
35 114
36 114
37 114
40 114
41 114
42 114
43 114
44 114
45 114
46 114
47 114
48 114
67 114
72 114
73 114
74 114
75 114
76 114
77 114
78 114
79 114
80 114
88 114
89 114
90 114
91 114
92 114
103 114
104 114
105 114
106 114
117 114
118 114
119 114
120 114
121 114
122 114
123 114
124 114
125 114
126 114
127 114
128 114
129 114
130 114
131 114
132 114
133 114
134 114
135 114
136 114
137 114
31 115
32 115
33 115
42 115
43 115
44 115
45 115
46 115
47 115
48 115
49 115
50 115
51 115
52 115
53 115
54 115
55 115
56 115
57 115
58 115
59 115
60 115
61 115
62 115
63 115
64 115
65 115
66 115
74 115
75 115
76 115
77 115
78 115
79 115
80 115
81 115
82 115
87 115
88 115
89 115
90 115
91 115
92 115
93 115
97 115
98 115
99 115
100 115
101 115
102 115
103 115
104 115
106 115
107 115
108 115
113 115
114 115
115 115
116 115
117 115
118 115
119 115
120 115
121 115
122 115
123 115
124 115
125 115
126 115
127 115
128 115
129 115
130 115
131 115
132 115
133 115
134 115
135 115
136 115
31 116
46 116
47 116
48 116
49 116
50 116
51 116
52 116
53 116
54 116
55 116
56 116
57 116
58 116
59 116
60 116
61 116
62 116
63 116
64 116
65 116
74 116
75 116
76 116
77 116
78 116
79 116
80 116
81 116
82 116
83 116
85 116
86 116
87 116
88 116
89 116
90 116
91 116
92 116
93 116
94 116
95 116
96 116
97 116
98 116
99 116
100 116
101 116
102 116
108 116
109 116
110 116
111 116
112 116
113 116
114 116
115 116
116 116
117 116
118 116
119 116
120 116
121 116
122 116
123 116
124 116
125 116
126 116
127 116
128 116
129 116
130 116
131 116
132 116
133 116
134 116
135 116
47 117
48 117
49 117
50 117
51 117
52 117
53 117
54 117
55 117
56 117
57 117
58 117
59 117
60 117
61 117
77 117
78 117
79 117
80 117
81 117
82 117
83 117
84 117
85 117
86 117
87 117
88 117
89 117
90 117
91 117
92 117
93 117
94 117
95 117
96 117
97 117
98 117
99 117
100 117
101 117
102 117
108 117
109 117
110 117
111 117
112 117
113 117
114 117
115 117
116 117
117 117
118 117
119 117
120 117
121 117
122 117
123 117
124 117
125 117
126 117
127 117
128 117
129 117
130 117
131 117
134 117
47 118
48 118
49 118
50 118
51 118
52 118
53 118
54 118
55 118
56 118
57 118
58 118
59 118
60 118
78 118
79 118
80 118
81 118
82 118
83 118
84 118
85 118
86 118
87 118
88 118
89 118
90 118
94 118
95 118
96 118
97 118
98 118
99 118
100 118
101 118
109 118
110 118
111 118
112 118
113 118
114 118
115 118
116 118
117 118
118 118
119 118
120 118
121 118
122 118
123 118
124 118
125 118
126 118
127 118
128 118
129 118
130 118
131 118
133 118
134 118
47 119
48 119
49 119
50 119
51 119
52 119
53 119
54 119
55 119
56 119
57 119
58 119
59 119
78 119
79 119
80 119
81 119
82 119
83 119
84 119
85 119
86 119
87 119
88 119
89 119
90 119
95 119
96 119
97 119
98 119
99 119
100 119
109 119
110 119
111 119
112 119
113 119
114 119
115 119
116 119
117 119
118 119
119 119
120 119
121 119
122 119
123 119
124 119
125 119
126 119
127 119
128 119
129 119
130 119
133 119
47 120
48 120
49 120
50 120
51 120
52 120
53 120
54 120
55 120
56 120
57 120
58 120
59 120
78 120
79 120
80 120
81 120
82 120
83 120
84 120
85 120
86 120
87 120
88 120
95 120
96 120
97 120
98 120
99 120
100 120
109 120
110 120
111 120
112 120
113 120
114 120
115 120
116 120
117 120
118 120
119 120
120 120
121 120
122 120
123 120
124 120
125 120
127 120
133 120
46 121
47 121
48 121
49 121
50 121
51 121
52 121
53 121
54 121
55 121
56 121
57 121
72 121
77 121
78 121
79 121
80 121
81 121
82 121
83 121
84 121
85 121
86 121
87 121
88 121
94 121
95 121
96 121
97 121
98 121
99 121
109 121
110 121
111 121
112 121
113 121
114 121
115 121
116 121
117 121
118 121
119 121
120 121
121 121
122 121
123 121
124 121
133 121
48 122
49 122
50 122
51 122
52 122
53 122
54 122
55 122
56 122
57 122
69 122
70 122
71 122
72 122
73 122
74 122
77 122
78 122
79 122
80 122
81 122
82 122
83 122
84 122
85 122
86 122
87 122
88 122
89 122
90 122
93 122
94 122
95 122
96 122
97 122
98 122
109 122
110 122
111 122
112 122
113 122
114 122
115 122
116 122
117 122
118 122
119 122
120 122
121 122
122 122
123 122
124 122
132 122
48 123
49 123
50 123
51 123
52 123
69 123
70 123
71 123
72 123
73 123
74 123
75 123
76 123
77 123
78 123
79 123
80 123
81 123
82 123
83 123
84 123
85 123
86 123
87 123
88 123
89 123
90 123
93 123
94 123
95 123
96 123
97 123
109 123
110 123
111 123
112 123
113 123
114 123
115 123
116 123
117 123
118 123
119 123
120 123
121 123
122 123
123 123
124 123
125 123
128 123
131 123
132 123
69 124
70 124
71 124
72 124
73 124
74 124
75 124
76 124
77 124
78 124
79 124
80 124
81 124
82 124
83 124
84 124
85 124
86 124
87 124
88 124
89 124
90 124
91 124
93 124
94 124
95 124
96 124
109 124
110 124
111 124
112 124
113 124
114 124
115 124
116 124
117 124
118 124
119 124
120 124
121 124
122 124
123 124
124 124
125 124
126 124
127 124
128 124
129 124
130 124
131 124
50 125
51 125
69 125
70 125
71 125
72 125
73 125
74 125
75 125
76 125
77 125
78 125
79 125
80 125
81 125
82 125
83 125
84 125
85 125
86 125
87 125
88 125
89 125
90 125
91 125
92 125
93 125
94 125
109 125
115 125
116 125
117 125
118 125
119 125
120 125
121 125
122 125
123 125
124 125
125 125
126 125
127 125
128 125
129 125
130 125
131 125
52 126
68 126
69 126
70 126
71 126
72 126
73 126
74 126
75 126
76 126
77 126
78 126
79 126
80 126
81 126
82 126
83 126
84 126
85 126
86 126
87 126
88 126
89 126
90 126
116 126
117 126
118 126
119 126
120 126
121 126
122 126
123 126
124 126
125 126
126 126
127 126
128 126
129 126
130 126
131 126
52 127
66 127
67 127
68 127
69 127
70 127
71 127
72 127
73 127
74 127
75 127
76 127
77 127
78 127
79 127
80 127
81 127
82 127
83 127
84 127
85 127
86 127
87 127
88 127
89 127
90 127
107 127
108 127
109 127
116 127
117 127
118 127
119 127
120 127
121 127
122 127
123 127
124 127
125 127
126 127
127 127
128 127
129 127
130 127
131 127
67 128
68 128
69 128
70 128
71 128
72 128
73 128
74 128
75 128
76 128
77 128
78 128
79 128
80 128
81 128
82 128
83 128
84 128
85 128
86 128
87 128
88 128
89 128
90 128
93 128
118 128
119 128
120 128
121 128
122 128
123 128
124 128
125 128
126 128
127 128
128 128
129 128
130 128
131 128
132 128
133 128
137 128
138 128
139 128
140 128
141 128
142 128
143 128
144 128
145 128
146 128
147 128
148 128
149 128
150 128
151 128
152 128
153 128
154 128
155 128
156 128
157 128
158 128
159 128
66 129
67 129
68 129
69 129
70 129
71 129
72 129
73 129
74 129
75 129
76 129
77 129
78 129
79 129
80 129
81 129
82 129
83 129
84 129
85 129
86 129
87 129
88 129
89 129
90 129
94 129
119 129
120 129
121 129
122 129
123 129
124 129
125 129
126 129
127 129
128 129
129 129
130 129
131 129
132 129
133 129
134 129
135 129
136 129
137 129
138 129
139 129
140 129
141 129
142 129
143 129
144 129
145 129
146 129
147 129
148 129
149 129
150 129
154 129
155 129
156 129
157 129
158 129
159 129
57 130
65 130
66 130
67 130
68 130
69 130
70 130
71 130
72 130
73 130
74 130
75 130
76 130
77 130
78 130
79 130
80 130
81 130
82 130
83 130
84 130
85 130
86 130
87 130
88 130
89 130
90 130
91 130
92 130
94 130
110 130
111 130
112 130
119 130
120 130
121 130
122 130
123 130
124 130
125 130
126 130
127 130
128 130
129 130
130 130
131 130
132 130
133 130
134 130
135 130
136 130
137 130
138 130
139 130
140 130
141 130
142 130
143 130
144 130
145 130
146 130
147 130
148 130
155 130
156 130
157 130
158 130
159 130
50 131
51 131
52 131
57 131
58 131
59 131
60 131
61 131
65 131
66 131
67 131
68 131
69 131
70 131
71 131
72 131
73 131
74 131
75 131
76 131
77 131
78 131
79 131
80 131
81 131
82 131
84 131
85 131
86 131
87 131
88 131
89 131
90 131
91 131
110 131
111 131
112 131
113 131
114 131
115 131
120 131
121 131
122 131
123 131
124 131
125 131
126 131
127 131
128 131
129 131
130 131
131 131
132 131
133 131
134 131
135 131
136 131
137 131
138 131
139 131
140 131
141 131
142 131
143 131
144 131
145 131
146 131
147 131
148 131
156 131
157 131
158 131
159 131
51 132
52 132
53 132
59 132
68 132
72 132
73 132
74 132
75 132
76 132
77 132
78 132
79 132
80 132
81 132
82 132
83 132
84 132
86 132
87 132
88 132
89 132
90 132
91 132
111 132
112 132
113 132
114 132
115 132
116 132
121 132
122 132
125 132
126 132
127 132
128 132
129 132
130 132
131 132
132 132
133 132
134 132
135 132
136 132
137 132
138 132
139 132
140 132
141 132
142 132
143 132
144 132
145 132
146 132
147 132
148 132
155 132
156 132
157 132
158 132
159 132
51 133
52 133
53 133
54 133
55 133
66 133
67 133
68 133
72 133
73 133
74 133
75 133
76 133
77 133
78 133
79 133
80 133
81 133
82 133
83 133
84 133
87 133
88 133
89 133
90 133
91 133
92 133
111 133
112 133
113 133
114 133
115 133
116 133
117 133
118 133
119 133
128 133
129 133
130 133
131 133
132 133
133 133
134 133
135 133
136 133
137 133
138 133
139 133
140 133
141 133
142 133
143 133
144 133
145 133
146 133
147 133
155 133
156 133
157 133
158 133
50 134
51 134
52 134
53 134
54 134
55 134
56 134
57 134
58 134
59 134
60 134
61 134
65 134
66 134
67 134
68 134
69 134
70 134
71 134
72 134
73 134
74 134
75 134
76 134
77 134
78 134
79 134
80 134
81 134
82 134
83 134
84 134
87 134
88 134
89 134
90 134
91 134
92 134
111 134
112 134
113 134
114 134
115 134
116 134
117 134
118 134
119 134
120 134
121 134
131 134
132 134
133 134
134 134
135 134
136 134
137 134
138 134
139 134
140 134
141 134
142 134
143 134
144 134
145 134
146 134
147 134
154 134
155 134
156 134
157 134
44 135
45 135
46 135
50 135
51 135
52 135
53 135
54 135
59 135
60 135
61 135
66 135
67 135
68 135
69 135
70 135
71 135
72 135
73 135
74 135
75 135
76 135
77 135
78 135
79 135
80 135
81 135
82 135
83 135
84 135
86 135
87 135
88 135
89 135
90 135
91 135
92 135
93 135
112 135
113 135
114 135
115 135
116 135
117 135
118 135
119 135
120 135
121 135
131 135
132 135
133 135
134 135
135 135
136 135
137 135
138 135
139 135
140 135
141 135
142 135
143 135
144 135
145 135
146 135
154 135
155 135
156 135
157 135
43 136
44 136
45 136
46 136
51 136
52 136
53 136
54 136
55 136
66 136
67 136
68 136
69 136
71 136
72 136
73 136
74 136
75 136
76 136
77 136
78 136
79 136
80 136
81 136
82 136
83 136
84 136
85 136
86 136
87 136
88 136
89 136
90 136
91 136
92 136
93 136
112 136
113 136
114 136
115 136
116 136
117 136
118 136
119 136
120 136
121 136
122 136
133 136
134 136
135 136
136 136
137 136
138 136
139 136
140 136
141 136
142 136
143 136
144 136
145 136
153 136
154 136
155 136
156 136
157 136
44 137
45 137
46 137
51 137
58 137
66 137
67 137
68 137
69 137
70 137
71 137
72 137
73 137
74 137
75 137
76 137
77 137
78 137
79 137
80 137
81 137
82 137
83 137
85 137
86 137
87 137
88 137
89 137
90 137
91 137
92 137
93 137
94 137
95 137
96 137
97 137
98 137
99 137
106 137
112 137
113 137
114 137
115 137
116 137
117 137
118 137
119 137
120 137
121 137
134 137
135 137
136 137
137 137
138 137
139 137
140 137
141 137
142 137
143 137
144 137
153 137
154 137
155 137
156 137
157 137
58 138
66 138
67 138
68 138
69 138
70 138
71 138
72 138
73 138
74 138
75 138
76 138
77 138
78 138
79 138
80 138
81 138
82 138
83 138
84 138
85 138
86 138
87 138
88 138
89 138
90 138
91 138
92 138
93 138
94 138
95 138
96 138
97 138
98 138
99 138
101 138
102 138
103 138
104 138
105 138
106 138
107 138
108 138
109 138
110 138
112 138
113 138
114 138
115 138
116 138
117 138
118 138
119 138
120 138
121 138
135 138
136 138
137 138
138 138
139 138
140 138
141 138
142 138
143 138
144 138
153 138
154 138
155 138
156 138
69 139
70 139
76 139
77 139
78 139
79 139
80 139
81 139
85 139
86 139
87 139
88 139
89 139
95 139
96 139
97 139
98 139
102 139
103 139
104 139
105 139
106 139
107 139
108 139
109 139
110 139
111 139
112 139
113 139
114 139
115 139
116 139
117 139
118 139
119 139
120 139
121 139
135 139
136 139
137 139
138 139
139 139
140 139
141 139
142 139
143 139
144 139
145 139
153 139
154 139
155 139
104 140
105 140
106 140
107 140
108 140
109 140
110 140
111 140
113 140
115 140
116 140
117 140
118 140
119 140
120 140
135 140
136 140
137 140
138 140
139 140
140 140
141 140
142 140
143 140
144 140
145 140
152 140
153 140
154 140
105 141
106 141
107 141
108 141
109 141
137 141
138 141
139 141
140 141
141 141
142 141
143 141
144 141
145 141
146 141
148 141
141 142
