93 30
94 30
95 30
91 31
92 31
93 31
94 31
95 31
96 31
97 31
98 31
99 31
100 31
91 32
92 32
98 32
99 32
100 32
98 35
99 35
100 35
101 35
86 36
87 36
88 36
89 36
92 36
93 36
94 36
95 36
96 36
97 36
98 36
99 36
100 36
101 36
102 36
103 36
104 36
105 36
106 36
107 36
108 36
109 36
110 36
111 36
112 36
113 36
114 36
115 36
86 37
87 37
88 37
89 37
90 37
91 37
92 37
93 37
94 37
95 37
96 37
97 37
98 37
99 37
100 37
101 37
102 37
103 37
104 37
105 37
106 37
107 37
108 37
109 37
110 37
111 37
112 37
113 37
114 37
115 37
116 37
86 38
87 38
88 38
89 38
90 38
91 38
92 38
93 38
94 38
95 38
96 38
97 38
98 38
99 38
100 38
101 38
102 38
103 38
104 38
105 38
106 38
107 38
108 38
109 38
110 38
111 38
112 38
113 38
114 38
115 38
116 38
120 38
121 38
122 38
123 38
91 39
92 39
93 39
94 39
95 39
96 39
97 39
98 39
99 39
100 39
101 39
102 39
103 39
104 39
105 39
106 39
107 39
108 39
109 39
110 39
111 39
112 39
113 39
114 39
92 40
93 40
94 40
95 40
98 40
99 40
100 40
101 40
102 40
106 40
107 40
108 40
109 40
110 40
111 40
113 40
92 41
93 41
94 41
95 41
99 41
100 41
101 41
102 41
106 41
107 41
108 41
109 41
110 41
111 41
64 42
65 42
66 42
78 42
79 42
80 42
92 42
93 42
94 42
95 42
98 42
99 42
100 42
101 42
102 42
106 42
107 42
108 42
109 42
110 42
111 42
63 43
64 43
65 43
66 43
67 43
71 43
78 43
79 43
80 43
81 43
82 43
85 43
86 43
87 43
88 43
89 43
90 43
91 43
92 43
93 43
94 43
95 43
96 43
97 43
98 43
99 43
100 43
101 43
102 43
103 43
104 43
105 43
106 43
107 43
108 43
109 43
110 43
111 43
112 43
113 43
114 43
115 43
116 43
120 43
121 43
122 43
124 43
63 44
64 44
65 44
66 44
71 44
72 44
77 44
78 44
79 44
80 44
81 44
82 44
83 44
84 44
85 44
86 44
87 44
88 44
89 44
90 44
91 44
92 44
93 44
94 44
95 44
96 44
97 44
98 44
99 44
100 44
101 44
102 44
103 44
104 44
105 44
106 44
107 44
108 44
109 44
110 44
111 44
112 44
113 44
114 44
115 44
116 44
117 44
119 44
120 44
121 44
122 44
123 44
124 44
126 44
127 44
128 44
63 45
71 45
72 45
78 45
79 45
80 45
81 45
82 45
83 45
84 45
85 45
86 45
87 45
88 45
89 45
90 45
91 45
92 45
93 45
94 45
95 45
96 45
97 45
98 45
99 45
100 45
101 45
102 45
103 45
104 45
105 45
106 45
107 45
108 45
109 45
110 45
111 45
112 45
113 45
114 45
115 45
116 45
120 45
121 45
122 45
124 45
71 46
79 46
80 46
81 46
83 46
84 46
85 46
86 46
87 46
88 46
89 46
90 46
91 46
92 46
93 46
94 46
95 46
96 46
97 46
98 46
99 46
100 46
101 46
102 46
103 46
104 46
105 46
106 46
107 46
108 46
109 46
110 46
111 46
112 46
113 46
114 46
85 47
86 47
87 47
88 47
91 47
92 47
93 47
94 47
95 47
98 47
99 47
100 47
101 47
102 47
106 47
107 47
108 47
109 47
110 47
86 48
87 48
88 48
92 48
93 48
94 48
99 48
100 48
101 48
102 48
106 48
107 48
108 48
109 48
79 49
84 49
85 49
86 49
87 49
88 49
91 49
92 49
93 49
94 49
95 49
98 49
99 49
100 49
101 49
102 49
103 49
106 49
107 49
108 49
109 49
56 50
57 50
58 50
77 50
78 50
79 50
80 50
81 50
83 50
84 50
85 50
86 50
87 50
88 50
89 50
90 50
91 50
92 50
93 50
94 50
95 50
96 50
97 50
98 50
99 50
100 50
101 50
102 50
103 50
104 50
105 50
106 50
107 50
108 50
109 50
110 50
112 50
120 50
121 50
56 51
57 51
58 51
59 51
64 51
65 51
72 51
73 51
74 51
75 51
76 51
77 51
78 51
79 51
80 51
81 51
82 51
83 51
84 51
85 51
86 51
87 51
88 51
89 51
90 51
91 51
92 51
93 51
94 51
95 51
96 51
97 51
98 51
99 51
100 51
101 51
102 51
103 51
104 51
105 51
106 51
107 51
108 51
109 51
110 51
111 51
112 51
113 51
114 51
120 51
121 51
122 51
56 52
57 52
58 52
59 52
64 52
65 52
77 52
78 52
79 52
80 52
81 52
83 52
84 52
85 52
86 52
87 52
88 52
89 52
90 52
91 52
92 52
93 52
94 52
95 52
96 52
97 52
98 52
99 52
100 52
101 52
102 52
103 52
104 52
105 52
106 52
107 52
108 52
109 52
110 52
111 52
112 52
113 52
114 52
120 52
56 53
77 53
78 53
79 53
80 53
83 53
84 53
85 53
86 53
87 53
88 53
91 53
92 53
94 53
99 53
100 53
101 53
102 53
103 53
104 53
105 53
106 53
107 53
108 53
109 53
110 53
111 53
112 53
113 53
84 54
85 54
86 54
87 54
99 54
100 54
101 54
105 54
106 54
107 54
108 54
109 54
85 55
86 55
87 55
106 55
107 55
108 55
85 56
87 56
99 56
100 56
101 56
105 56
107 56
108 56
109 56
112 56
113 56
114 56
120 56
121 56
122 56
123 56
64 57
71 57
72 57
79 57
80 57
85 57
86 57
87 57
93 57
99 57
100 57
101 57
102 57
103 57
104 57
105 57
106 57
107 57
108 57
109 57
110 57
111 57
112 57
113 57
114 57
115 57
120 57
121 57
122 57
123 57
63 58
64 58
65 58
66 58
71 58
72 58
79 58
80 58
85 58
86 58
87 58
92 58
93 58
94 58
99 58
100 58
101 58
102 58
103 58
104 58
105 58
106 58
107 58
108 58
109 58
110 58
111 58
112 58
113 58
114 58
115 58
116 58
120 58
121 58
122 58
63 59
64 59
65 59
66 59
71 59
72 59
79 59
80 59
85 59
86 59
87 59
92 59
93 59
94 59
99 59
100 59
101 59
102 59
103 59
104 59
105 59
106 59
107 59
108 59
109 59
110 59
111 59
112 59
113 59
114 59
115 59
53 60
64 60
65 60
71 60
79 60
80 60
86 60
92 60
93 60
94 60
99 60
100 60
101 60
102 60
103 60
104 60
105 60
106 60
107 60
108 60
109 60
110 60
111 60
112 60
113 60
114 60
50 61
51 61
52 61
53 61
99 61
100 61
101 61
102 61
103 61
104 61
105 61
106 61
107 61
108 61
109 61
112 61
113 61
50 62
51 62
52 62
99 62
100 62
101 62
102 62
105 62
106 62
107 62
108 62
109 62
112 62
113 62
50 63
51 63
64 63
71 63
72 63
78 63
79 63
87 63
92 63
93 63
99 63
100 63
101 63
102 63
105 63
106 63
107 63
108 63
109 63
110 63
111 63
112 63
113 63
114 63
48 64
49 64
50 64
51 64
52 64
57 64
58 64
64 64
65 64
71 64
72 64
73 64
77 64
78 64
79 64
80 64
84 64
85 64
86 64
87 64
88 64
89 64
90 64
91 64
92 64
93 64
94 64
95 64
99 64
100 64
101 64
102 64
103 64
104 64
105 64
106 64
107 64
108 64
109 64
110 64
111 64
112 64
113 64
114 64
115 64
121 64
122 64
124 64
47 65
48 65
49 65
50 65
51 65
52 65
56 65
57 65
58 65
59 65
63 65
64 65
65 65
66 65
70 65
71 65
72 65
73 65
77 65
78 65
79 65
80 65
84 65
85 65
86 65
87 65
88 65
89 65
90 65
91 65
92 65
93 65
94 65
95 65
96 65
99 65
100 65
101 65
102 65
104 65
105 65
106 65
107 65
108 65
109 65
110 65
111 65
112 65
113 65
114 65
115 65
121 65
122 65
123 65
124 65
46 66
47 66
48 66
49 66
50 66
51 66
52 66
56 66
57 66
58 66
59 66
64 66
65 66
70 66
71 66
72 66
73 66
77 66
78 66
79 66
80 66
84 66
85 66
86 66
87 66
88 66
89 66
90 66
91 66
92 66
93 66
94 66
100 66
101 66
105 66
106 66
107 66
108 66
109 66
110 66
111 66
112 66
113 66
114 66
121 66
122 66
123 66
124 66
125 66
45 67
46 67
47 67
48 67
49 67
50 67
51 67
52 67
57 67
58 67
59 67
70 67
71 67
72 67
73 67
78 67
85 67
86 67
88 67
89 67
93 67
105 67
106 67
107 67
108 67
109 67
123 67
124 67
125 67
126 67
45 68
46 68
49 68
50 68
51 68
52 68
57 68
58 68
59 68
71 68
72 68
88 68
106 68
107 68
108 68
109 68
124 68
125 68
45 69
50 69
51 69
52 69
57 69
58 69
59 69
107 69
108 69
109 69
123 69
124 69
125 69
43 70
44 70
45 70
46 70
49 70
50 70
51 70
52 70
57 70
58 70
59 70
60 70
86 70
87 70
100 70
106 70
107 70
108 70
109 70
110 70
122 70
123 70
124 70
43 71
44 71
45 71
46 71
47 71
48 71
49 71
50 71
51 71
52 71
53 71
57 71
58 71
59 71
60 71
64 71
65 71
66 71
85 71
86 71
87 71
88 71
92 71
93 71
94 71
95 71
96 71
97 71
98 71
99 71
100 71
101 71
102 71
103 71
105 71
106 71
107 71
108 71
109 71
110 71
111 71
112 71
113 71
114 71
115 71
121 71
122 71
123 71
124 71
125 71
40 72
41 72
42 72
43 72
44 72
45 72
46 72
47 72
48 72
49 72
50 72
51 72
52 72
53 72
54 72
56 72
57 72
58 72
59 72
60 72
63 72
64 72
65 72
66 72
67 72
72 72
73 72
85 72
86 72
87 72
88 72
89 72
91 72
92 72
93 72
94 72
95 72
96 72
97 72
98 72
99 72
100 72
101 72
102 72
103 72
104 72
105 72
106 72
107 72
108 72
109 72
110 72
111 72
112 72
113 72
114 72
115 72
121 72
122 72
123 72
124 72
125 72
40 73
41 73
42 73
43 73
44 73
45 73
46 73
47 73
48 73
49 73
50 73
51 73
52 73
53 73
54 73
56 73
57 73
58 73
59 73
60 73
61 73
64 73
65 73
66 73
85 73
86 73
87 73
90 73
91 73
92 73
93 73
94 73
95 73
96 73
97 73
98 73
99 73
100 73
101 73
102 73
103 73
104 73
105 73
106 73
107 73
108 73
109 73
110 73
111 73
112 73
113 73
114 73
121 73
122 73
123 73
124 73
125 73
40 74
41 74
42 74
43 74
44 74
45 74
46 74
47 74
48 74
49 74
50 74
51 74
52 74
53 74
54 74
55 74
57 74
58 74
59 74
64 74
65 74
66 74
91 74
92 74
93 74
94 74
95 74
96 74
97 74
98 74
99 74
100 74
101 74
102 74
103 74
104 74
105 74
106 74
107 74
108 74
109 74
110 74
111 74
112 74
113 74
122 74
123 74
124 74
41 75
42 75
43 75
44 75
45 75
46 75
47 75
56 75
57 75
58 75
59 75
92 75
93 75
94 75
95 75
96 75
97 75
98 75
99 75
100 75
101 75
102 75
105 75
106 75
107 75
108 75
112 75
113 75
114 75
123 75
124 75
42 76
43 76
44 76
45 76
46 76
57 76
58 76
59 76
92 76
93 76
94 76
95 76
99 76
100 76
101 76
102 76
107 76
108 76
112 76
113 76
114 76
123 76
124 76
41 77
42 77
43 77
44 77
45 77
56 77
57 77
58 77
59 77
85 77
86 77
91 77
92 77
93 77
94 77
99 77
100 77
101 77
102 77
107 77
108 77
112 77
113 77
114 77
115 77
122 77
123 77
124 77
125 77
40 78
41 78
42 78
43 78
44 78
45 78
46 78
50 78
51 78
52 78
55 78
56 78
57 78
58 78
59 78
64 78
78 78
79 78
80 78
81 78
82 78
83 78
84 78
85 78
86 78
87 78
88 78
89 78
90 78
91 78
92 78
93 78
94 78
95 78
99 78
101 78
102 78
103 78
104 78
105 78
106 78
107 78
108 78
109 78
110 78
111 78
112 78
113 78
114 78
115 78
116 78
121 78
122 78
123 78
124 78
125 78
40 79
41 79
42 79
43 79
44 79
45 79
46 79
47 79
48 79
49 79
50 79
51 79
52 79
53 79
54 79
55 79
56 79
57 79
58 79
59 79
60 79
64 79
77 79
78 79
79 79
80 79
81 79
82 79
83 79
84 79
85 79
86 79
87 79
88 79
89 79
90 79
91 79
92 79
93 79
94 79
95 79
99 79
100 79
101 79
102 79
103 79
104 79
105 79
106 79
107 79
108 79
109 79
110 79
111 79
112 79
113 79
114 79
115 79
116 79
121 79
122 79
123 79
124 79
125 79
40 80
41 80
42 80
43 80
44 80
45 80
46 80
47 80
48 80
49 80
50 80
51 80
52 80
53 80
54 80
55 80
56 80
57 80
58 80
59 80
60 80
77 80
78 80
79 80
80 80
81 80
82 80
83 80
84 80
85 80
86 80
87 80
88 80
89 80
90 80
91 80
92 80
93 80
94 80
95 80
99 80
100 80
101 80
102 80
103 80
104 80
105 80
106 80
107 80
108 80
109 80
110 80
111 80
112 80
113 80
114 80
115 80
121 80
122 80
123 80
124 80
125 80
40 81
41 81
42 81
43 81
44 81
45 81
46 81
47 81
48 81
49 81
50 81
51 81
52 81
53 81
54 81
55 81
56 81
57 81
58 81
59 81
60 81
61 81
63 81
78 81
79 81
80 81
81 81
82 81
83 81
84 81
85 81
86 81
87 81
88 81
89 81
90 81
91 81
92 81
93 81
94 81
95 81
96 81
97 81
98 81
101 81
102 81
103 81
104 81
105 81
106 81
107 81
108 81
109 81
110 81
111 81
112 81
113 81
114 81
122 81
123 81
124 81
125 81
42 82
43 82
44 82
45 82
49 82
50 82
51 82
52 82
53 82
54 82
55 82
56 82
57 82
58 82
59 82
60 82
61 82
62 82
63 82
64 82
79 82
80 82
81 82
82 82
83 82
84 82
85 82
86 82
87 82
88 82
89 82
90 82
91 82
92 82
93 82
94 82
95 82
96 82
106 82
107 82
108 82
109 82
110 82
111 82
112 82
123 82
42 83
43 83
44 83
49 83
50 83
51 83
52 83
53 83
54 83
55 83
56 83
57 83
60 83
80 83
81 83
82 83
83 83
84 83
85 83
86 83
87 83
88 83
89 83
90 83
91 83
92 83
93 83
94 83
95 83
109 83
40 84
42 84
43 84
44 84
49 84
50 84
51 84
52 84
53 84
54 84
55 84
56 84
57 84
81 84
82 84
83 84
84 84
85 84
86 84
91 84
92 84
40 85
41 85
42 85
43 85
44 85
45 85
46 85
47 85
48 85
49 85
50 85
51 85
52 85
53 85
54 85
55 85
56 85
82 85
83 85
84 85
85 85
40 86
41 86
42 86
43 86
44 86
45 86
46 86
47 86
48 86
49 86
50 86
51 86
52 86
53 86
71 86
72 86
82 86
88 86
90 86
91 86
106 86
108 86
109 86
110 86
111 86
112 86
40 87
41 87
42 87
43 87
44 87
45 87
46 87
47 87
48 87
49 87
50 87
51 87
52 87
82 87
88 87
89 87
90 87
91 87
92 87
99 87
100 87
101 87
102 87
103 87
104 87
105 87
106 87
107 87
108 87
109 87
110 87
111 87
112 87
40 88
41 88
42 88
43 88
44 88
45 88
46 88
47 88
48 88
49 88
50 88
51 88
89 88
90 88
91 88
92 88
93 88
95 88
96 88
97 88
98 88
99 88
100 88
101 88
102 88
103 88
104 88
105 88
106 88
107 88
108 88
109 88
110 88
111 88
112 88
113 88
37 89
38 89
39 89
42 89
43 89
44 89
45 89
46 89
47 89
48 89
49 89
50 89
51 89
89 89
90 89
91 89
92 89
93 89
94 89
95 89
96 89
97 89
98 89
99 89
100 89
101 89
102 89
103 89
104 89
105 89
106 89
107 89
108 89
109 89
110 89
111 89
112 89
113 89
114 89
36 90
37 90
38 90
42 90
43 90
44 90
45 90
46 90
47 90
48 90
49 90
50 90
88 90
89 90
90 90
91 90
92 90
93 90
94 90
95 90
96 90
97 90
98 90
99 90
100 90
101 90
102 90
103 90
104 90
105 90
106 90
107 90
108 90
109 90
110 90
111 90
112 90
113 90
114 90
31 91
36 91
37 91
38 91
40 91
42 91
43 91
44 91
45 91
46 91
47 91
48 91
49 91
50 91
51 91
87 91
88 91
89 91
90 91
91 91
92 91
93 91
94 91
95 91
96 91
97 91
98 91
99 91
100 91
101 91
102 91
103 91
104 91
105 91
106 91
107 91
108 91
109 91
110 91
111 91
112 91
113 91
114 91
31 92
32 92
35 92
36 92
37 92
38 92
39 92
42 92
43 92
44 92
45 92
46 92
47 92
48 92
49 92
50 92
51 92
76 92
77 92
78 92
85 92
86 92
87 92
88 92
89 92
90 92
91 92
92 92
93 92
94 92
95 92
96 92
97 92
98 92
99 92
100 92
101 92
102 92
103 92
104 92
105 92
106 92
107 92
108 92
109 92
110 92
111 92
112 92
113 92
114 92
123 92
124 92
31 93
32 93
33 93
34 93
35 93
36 93
37 93
38 93
39 93
40 93
41 93
42 93
43 93
44 93
45 93
46 93
47 93
48 93
49 93
50 93
51 93
76 93
77 93
78 93
79 93
85 93
86 93
87 93
88 93
89 93
90 93
91 93
92 93
93 93
94 93
95 93
96 93
97 93
98 93
99 93
100 93
101 93
102 93
103 93
104 93
105 93
106 93
107 93
108 93
109 93
110 93
111 93
112 93
113 93
114 93
115 93
123 93
124 93
125 93
31 94
32 94
34 94
35 94
36 94
37 94
38 94
39 94
42 94
43 94
44 94
45 94
46 94
47 94
48 94
49 94
50 94
51 94
76 94
77 94
78 94
79 94
80 94
86 94
87 94
88 94
89 94
90 94
91 94
92 94
93 94
94 94
95 94
96 94
97 94
98 94
99 94
100 94
101 94
102 94
103 94
104 94
105 94
106 94
107 94
108 94
109 94
110 94
111 94
112 94
113 94
114 94
115 94
123 94
124 94
125 94
36 95
37 95
38 95
39 95
42 95
43 95
44 95
45 95
46 95
47 95
48 95
49 95
50 95
51 95
52 95
92 95
93 95
94 95
95 95
96 95
97 95
98 95
99 95
100 95
101 95
102 95
103 95
104 95
105 95
106 95
107 95
108 95
109 95
110 95
111 95
112 95
113 95
114 95
122 95
123 95
124 95
125 95
36 96
37 96
38 96
50 96
51 96
92 96
93 96
94 96
95 96
96 96
97 96
98 96
99 96
100 96
101 96
102 96
103 96
104 96
105 96
106 96
107 96
108 96
109 96
110 96
111 96
112 96
113 96
114 96
115 96
122 96
123 96
124 96
125 96
126 96
36 97
37 97
92 97
93 97
94 97
95 97
96 97
97 97
98 97
99 97
100 97
101 97
102 97
103 97
104 97
105 97
106 97
107 97
108 97
109 97
110 97
111 97
112 97
113 97
114 97
115 97
116 97
120 97
121 97
122 97
123 97
124 97
125 97
126 97
158 97
159 97
91 98
92 98
93 98
94 98
95 98
96 98
97 98
98 98
99 98
100 98
101 98
102 98
103 98
104 98
105 98
106 98
107 98
108 98
109 98
110 98
111 98
112 98
113 98
114 98
115 98
116 98
117 98
118 98
119 98
120 98
121 98
122 98
123 98
124 98
125 98
126 98
127 98
159 98
31 99
37 99
38 99
39 99
89 99
90 99
91 99
92 99
93 99
94 99
95 99
96 99
97 99
98 99
99 99
100 99
101 99
102 99
103 99
104 99
105 99
106 99
107 99
108 99
109 99
110 99
111 99
112 99
113 99
114 99
115 99
116 99
117 99
118 99
119 99
120 99
121 99
122 99
123 99
124 99
125 99
126 99
127 99
31 100
32 100
37 100
38 100
88 100
89 100
90 100
91 100
92 100
93 100
94 100
95 100
96 100
97 100
98 100
99 100
100 100
101 100
102 100
103 100
104 100
105 100
106 100
107 100
108 100
109 100
110 100
111 100
112 100
113 100
114 100
115 100
116 100
117 100
118 100
119 100
120 100
121 100
122 100
123 100
124 100
125 100
126 100
127 100
128 100
29 101
30 101
31 101
37 101
38 101
39 101
87 101
88 101
89 101
90 101
91 101
92 101
93 101
94 101
95 101
96 101
97 101
98 101
99 101
100 101
101 101
102 101
103 101
104 101
105 101
106 101
107 101
108 101
109 101
110 101
111 101
112 101
113 101
114 101
115 101
116 101
117 101
118 101
119 101
120 101
121 101
122 101
123 101
124 101
125 101
126 101
127 101
128 101
129 101
28 102
29 102
30 102
31 102
38 102
39 102
85 102
86 102
87 102
88 102
89 102
90 102
91 102
92 102
93 102
94 102
95 102
96 102
97 102
98 102
99 102
100 102
101 102
102 102
103 102
104 102
105 102
106 102
107 102
108 102
109 102
110 102
111 102
112 102
113 102
114 102
115 102
116 102
117 102
118 102
119 102
120 102
121 102
122 102
123 102
124 102
125 102
126 102
127 102
128 102
129 102
29 103
30 103
31 103
85 103
86 103
87 103
88 103
89 103
90 103
91 103
92 103
93 103
94 103
95 103
96 103
97 103
98 103
99 103
100 103
101 103
102 103
103 103
104 103
105 103
106 103
107 103
108 103
109 103
110 103
111 103
112 103
113 103
114 103
115 103
116 103
117 103
118 103
119 103
120 103
121 103
122 103
123 103
124 103
125 103
126 103
127 103
128 103
129 103
29 104
30 104
85 104
86 104
87 104
88 104
89 104
90 104
91 104
92 104
93 104
94 104
95 104
96 104
97 104
98 104
99 104
100 104
101 104
102 104
103 104
104 104
105 104
106 104
107 104
108 104
112 104
113 104
114 104
115 104
116 104
117 104
118 104
119 104
120 104
121 104
122 104
123 104
124 104
29 105
30 105
85 105
86 105
87 105
88 105
89 105
90 105
93 105
94 105
95 105
96 105
97 105
98 105
99 105
100 105
101 105
102 105
103 105
104 105
105 105
106 105
107 105
113 105
114 105
115 105
116 105
117 105
118 105
119 105
120 105
121 105
122 105
123 105
124 105
141 105
142 105
143 105
144 105
30 106
31 106
85 106
86 106
87 106
88 106
95 106
96 106
97 106
98 106
99 106
100 106
101 106
102 106
103 106
104 106
105 106
106 106
115 106
116 106
117 106
118 106
119 106
120 106
121 106
122 106
123 106
124 106
140 106
141 106
142 106
143 106
144 106
145 106
146 106
48 107
85 107
86 107
87 107
88 107
89 107
97 107
98 107
100 107
101 107
102 107
103 107
104 107
105 107
106 107
115 107
116 107
117 107
118 107
119 107
120 107
121 107
122 107
123 107
124 107
125 107
140 107
141 107
142 107
143 107
144 107
145 107
146 107
147 107
148 107
85 108
86 108
87 108
88 108
89 108
100 108
101 108
102 108
103 108
104 108
105 108
106 108
107 108
108 108
115 108
116 108
117 108
118 108
119 108
120 108
121 108
122 108
123 108
124 108
125 108
140 108
141 108
142 108
143 108
144 108
145 108
146 108
147 108
148 108
86 109
87 109
88 109
89 109
100 109
101 109
102 109
103 109
104 109
105 109
106 109
107 109
108 109
116 109
117 109
118 109
119 109
120 109
121 109
122 109
123 109
124 109
125 109
141 109
142 109
143 109
144 109
145 109
146 109
147 109
88 110
89 110
97 110
98 110
99 110
100 110
101 110
102 110
103 110
104 110
105 110
106 110
107 110
108 110
109 110
116 110
117 110
118 110
119 110
120 110
121 110
122 110
123 110
124 110
125 110
141 110
142 110
143 110
144 110
145 110
146 110
88 111
89 111
90 111
91 111
92 111
93 111
94 111
95 111
96 111
97 111
98 111
99 111
100 111
101 111
102 111
103 111
104 111
105 111
106 111
107 111
108 111
109 111
110 111
116 111
117 111
118 111
119 111
120 111
121 111
122 111
123 111
124 111
143 111
144 111
88 112
89 112
90 112
91 112
92 112
93 112
94 112
95 112
96 112
97 112
98 112
99 112
100 112
101 112
102 112
103 112
104 112
105 112
106 112
107 112
108 112
109 112
110 112
116 112
117 112
118 112
119 112
120 112
121 112
122 112
123 112
124 112
125 112
130 112
131 112
132 112
133 112
88 113
89 113
90 113
91 113
92 113
93 113
94 113
95 113
96 113
97 113
98 113
99 113
100 113
101 113
102 113
103 113
104 113
105 113
106 113
107 113
108 113
109 113
116 113
117 113
118 113
119 113
120 113
121 113
122 113
123 113
124 113
125 113
129 113
130 113
131 113
132 113
133 113
156 113
88 114
89 114
90 114
91 114
92 114
93 114
95 114
96 114
97 114
99 114
100 114
104 114
105 114
106 114
107 114
108 114
109 114
117 114
118 114
119 114
120 114
121 114
122 114
123 114
124 114
125 114
130 114
131 114
132 114
133 114
156 114
87 115
88 115
89 115
90 115
91 115
92 115
88 116
89 116
90 116
89 118
100 119
101 119
106 119
107 119
108 119
114 119
115 119
120 119
121 119
122 119
90 120
91 120
93 120
94 120
98 120
99 120
100 120
101 120
102 120
103 120
104 120
105 120
106 120
107 120
108 120
109 120
113 120
114 120
115 120
116 120
117 120
119 120
120 120
121 120
122 120
123 120
124 120
125 120
126 120
127 120
128 120
129 120
89 121
90 121
91 121
92 121
93 121
94 121
95 121
96 121
97 121
98 121
99 121
100 121
101 121
102 121
103 121
104 121
105 121
106 121
107 121
108 121
109 121
113 121
114 121
115 121
116 121
117 121
119 121
120 121
121 121
122 121
123 121
124 121
125 121
126 121
127 121
128 121
129 121
87 122
88 122
89 122
90 122
91 122
92 122
93 122
94 122
95 122
96 122
97 122
98 122
99 122
100 122
101 122
102 122
103 122
104 122
105 122
106 122
107 122
108 122
113 122
114 122
115 122
116 122
117 122
119 122
120 122
121 122
122 122
123 122
124 122
125 122
126 122
127 122
128 122
129 122
87 123
88 123
89 123
93 123
94 123
95 123
96 123
97 123
98 123
99 123
100 123
101 123
102 123
106 123
107 123
108 123
113 123
114 123
115 123
116 123
120 123
121 123
122 123
123 123
124 123
125 123
87 124
88 124
89 124
98 124
99 124
100 124
101 124
106 124
107 124
113 124
114 124
115 124
116 124
120 124
121 124
122 124
123 124
87 125
88 125
89 125
98 125
99 125
100 125
101 125
113 125
114 125
115 125
116 125
120 125
121 125
122 125
123 125
87 126
88 126
89 126
90 126
98 126
99 126
100 126
101 126
107 126
108 126
112 126
113 126
114 126
115 126
116 126
117 126
119 126
120 126
121 126
122 126
123 126
87 127
88 127
89 127
90 127
91 127
92 127
93 127
94 127
95 127
96 127
97 127
98 127
99 127
100 127
101 127
106 127
107 127
108 127
109 127
110 127
111 127
112 127
113 127
114 127
115 127
116 127
117 127
118 127
119 127
120 127
121 127
122 127
123 127
124 127
126 127
127 127
128 127
147 127
88 128
89 128
90 128
91 128
92 128
93 128
94 128
95 128
96 128
97 128
98 128
99 128
100 128
101 128
102 128
106 128
107 128
108 128
109 128
110 128
111 128
112 128
113 128
114 128
115 128
116 128
117 128
118 128
119 128
120 128
121 128
122 128
123 128
124 128
126 128
127 128
128 128
129 128
133 128
134 128
146 128
147 128
148 128
149 128
162 128
163 128
164 128
165 128
166 128
87 129
88 129
89 129
90 129
91 129
92 129
93 129
94 129
95 129
96 129
97 129
98 129
99 129
100 129
101 129
102 129
106 129
107 129
108 129
109 129
112 129
113 129
114 129
115 129
116 129
117 129
118 129
119 129
120 129
121 129
122 129
123 129
127 129
128 129
129 129
145 129
146 129
147 129
148 129
162 129
163 129
164 129
165 129
166 129
167 129
88 130
89 130
90 130
91 130
92 130
93 130
94 130
95 130
96 130
97 130
98 130
99 130
100 130
101 130
102 130
106 130
107 130
108 130
113 130
114 130
115 130
116 130
117 130
118 130
119 130
120 130
121 130
122 130
123 130
126 130
127 130
128 130
145 130
147 130
163 130
164 130
165 130
166 130
167 130
82 131
89 131
90 131
91 131
92 131
93 131
94 131
98 131
99 131
100 131
101 131
102 131
107 131
108 131
113 131
114 131
115 131
116 131
120 131
121 131
87 132
88 132
89 132
90 132
91 132
92 132
93 132
94 132
98 132
99 132
100 132
101 132
102 132
107 132
108 132
113 132
114 132
115 132
88 133
89 133
90 133
91 133
92 133
93 133
94 133
98 133
99 133
100 133
101 133
102 133
103 133
106 133
107 133
108 133
109 133
113 133
114 133
115 133
87 134
88 134
89 134
90 134
91 134
92 134
93 134
94 134
95 134
97 134
98 134
99 134
100 134
101 134
102 134
103 134
104 134
105 134
106 134
107 134
108 134
109 134
113 134
114 134
115 134
116 134
120 134
121 134
122 134
127 134
128 134
129 134
130 134
133 134
134 134
87 135
88 135
89 135
90 135
91 135
92 135
93 135
94 135
95 135
96 135
97 135
98 135
99 135
100 135
101 135
102 135
103 135
104 135
105 135
106 135
107 135
108 135
109 135
112 135
113 135
114 135
115 135
116 135
117 135
118 135
119 135
120 135
121 135
122 135
123 135
126 135
127 135
128 135
129 135
130 135
131 135
132 135
133 135
134 135
135 135
158 135
87 136
88 136
89 136
90 136
91 136
92 136
93 136
94 136
95 136
96 136
97 136
98 136
99 136
100 136
101 136
102 136
103 136
104 136
105 136
106 136
107 136
108 136
112 136
113 136
114 136
115 136
116 136
117 136
118 136
119 136
120 136
121 136
122 136
127 136
128 136
129 136
130 136
131 136
132 136
133 136
134 136
135 136
158 136
88 137
89 137
90 137
91 137
92 137
93 137
94 137
95 137
96 137
97 137
98 137
99 137
100 137
101 137
102 137
103 137
104 137
105 137
106 137
107 137
108 137
113 137
114 137
115 137
116 137
117 137
118 137
119 137
120 137
121 137
127 137
128 137
129 137
130 137
133 137
134 137
135 137
88 138
89 138
90 138
91 138
92 138
98 138
99 138
100 138
101 138
102 138
106 138
107 138
114 138
115 138
116 138
117 138
118 138
119 138
120 138
134 138
135 138
99 139
100 139
101 139
102 139
115 139
119 139
120 139
134 139
135 139
136 139
99 140
100 140
101 140
102 140
106 140
107 140
108 140
109 140
119 140
120 140
134 140
135 140
136 140
99 141
100 141
101 141
102 141
105 141
106 141
107 141
108 141
109 141
110 141
112 141
113 141
119 141
120 141
121 141
122 141
127 141
128 141
129 141
130 141
131 141
132 141
133 141
134 141
135 141
136 141
148 141
149 141
150 141
151 141
99 142
100 142
101 142
102 142
103 142
104 142
105 142
106 142
107 142
108 142
109 142
110 142
111 142
112 142
113 142
114 142
118 142
119 142
120 142
121 142
122 142
123 142
126 142
127 142
128 142
129 142
130 142
131 142
132 142
133 142
134 142
135 142
136 142
141 142
142 142
147 142
148 142
149 142
150 142
151 142
81 143
100 143
101 143
102 143
103 143
104 143
105 143
106 143
107 143
108 143
109 143
110 143
111 143
112 143
113 143
119 143
120 143
121 143
122 143
123 143
126 143
127 143
128 143
129 143
130 143
131 143
132 143
133 143
134 143
135 143
141 143
142 143
143 143
147 143
148 143
149 143
150 143
151 143
73 144
74 144
75 144
76 144
77 144
78 144
79 144
80 144
81 144
82 144
83 144
100 144
101 144
102 144
103 144
104 144
105 144
106 144
107 144
108 144
109 144
110 144
113 144
119 144
120 144
121 144
122 144
123 144
127 144
128 144
129 144
130 144
131 144
132 144
133 144
134 144
147 144
148 144
149 144
55 145
56 145
58 145
59 145
74 145
75 145
76 145
77 145
78 145
79 145
80 145
81 145
82 145
83 145
84 145
100 145
101 145
102 145
105 145
106 145
107 145
108 145
109 145
120 145
121 145
122 145
123 145
127 145
128 145
129 145
147 145
55 146
56 146
57 146
58 146
59 146
60 146
74 146
75 146
76 146
77 146
78 146
79 146
80 146
81 146
83 146
84 146
85 146
86 146
100 146
101 146
106 146
107 146
108 146
109 146
121 146
122 146
128 146
147 146
55 147
56 147
57 147
59 147
60 147
74 147
75 147
76 147
77 147
78 147
79 147
86 147
100 147
101 147
106 147
107 147
108 147
109 147
115 147
120 147
121 147
122 147
128 147
129 147
147 147
55 148
56 148
74 148
75 148
76 148
77 148
78 148
99 148
100 148
101 148
102 148
103 148
105 148
106 148
107 148
108 148
109 148
114 148
115 148
116 148
117 148
118 148
119 148
120 148
121 148
122 148
123 148
127 148
128 148
129 148
130 148
131 148
132 148
133 148
134 148
135 148
141 148
142 148
143 148
144 148
146 148
147 148
56 149
57 149
72 149
73 149
74 149
75 149
76 149
98 149
99 149
100 149
101 149
102 149
103 149
104 149
105 149
106 149
107 149
108 149
109 149
113 149
114 149
115 149
116 149
117 149
118 149
119 149
120 149
121 149
122 149
123 149
124 149
126 149
127 149
128 149
129 149
130 149
131 149
132 149
133 149
134 149
135 149
136 149
140 149
141 149
142 149
143 149
144 149
145 149
146 149
72 150
73 150
74 150
75 150
99 150
100 150
101 150
102 150
103 150
104 150
105 150
106 150
107 150
108 150
109 150
114 150
115 150
116 150
117 150
118 150
119 150
120 150
121 150
122 150
123 150
124 150
125 150
126 150
127 150
128 150
129 150
130 150
131 150
132 150
133 150
134 150
135 150
140 150
141 150
142 150
143 150
144 150
145 150
146 150
59 151
75 151
100 151
101 151
105 151
106 151
107 151
108 151
109 151
114 151
115 151
116 151
117 151
118 151
119 151
120 151
121 151
122 151
123 151
124 151
126 151
127 151
128 151
129 151
130 151
131 151
132 151
133 151
134 151
140 151
141 151
142 151
143 151
144 151
72 152
100 152
106 152
107 152
108 152
115 152
116 152
119 152
120 152
121 152
122 152
123 152
126 152
127 152
128 152
129 152
130 152
141 152
142 152
143 152
72 153
99 153
100 153
106 153
108 153
120 153
121 153
122 153
127 153
128 153
129 153
141 153
142 153
143 153
72 154
99 154
100 154
106 154
107 154
108 154
113 154
114 154
120 154
121 154
122 154
123 154
126 154
127 154
128 154
129 154
130 154
141 154
142 154
143 154
70 155
71 155
72 155
73 155
74 155
75 155
77 155
78 155
79 155
92 155
93 155
94 155
95 155
96 155
98 155
99 155
100 155
106 155
107 155
108 155
113 155
114 155
115 155
116 155
120 155
121 155
122 155
123 155
124 155
125 155
126 155
127 155
128 155
129 155
130 155
131 155
134 155
70 156
71 156
72 156
73 156
74 156
75 156
76 156
77 156
78 156
79 156
80 156
85 156
86 156
87 156
91 156
92 156
93 156
94 156
95 156
96 156
97 156
98 156
99 156
100 156
101 156
106 156
107 156
108 156
109 156
112 156
113 156
114 156
115 156
116 156
117 156
118 156
119 156
120 156
121 156
122 156
123 156
124 156
125 156
126 156
127 156
128 156
129 156
130 156
131 156
132 156
133 156
134 156
135 156
70 157
71 157
72 157
73 157
74 157
75 157
76 157
77 157
78 157
79 157
80 157
85 157
86 157
87 157
88 157
91 157
92 157
93 157
94 157
95 157
96 157
97 157
98 157
99 157
100 157
101 157
106 157
107 157
108 157
109 157
112 157
113 157
114 157
115 157
116 157
117 157
118 157
119 157
120 157
121 157
122 157
123 157
124 157
125 157
126 157
127 157
128 157
129 157
130 157
131 157
133 157
134 157
135 157
136 157
71 158
72 158
77 158
78 158
79 158
85 158
86 158
87 158
91 158
92 158
93 158
94 158
95 158
96 158
97 158
98 158
99 158
100 158
101 158
106 158
107 158
108 158
109 158
113 158
114 158
115 158
116 158
117 158
118 158
119 158
120 158
121 158
122 158
123 158
124 158
126 158
127 158
128 158
129 158
130 158
134 158
86 159
92 159
93 159
94 159
95 159
97 159
98 159
99 159
100 159
101 159
106 159
107 159
108 159
109 159
113 159
114 159
115 159
116 159
118 159
119 159
120 159
121 159
122 159
123 159
127 159
128 159
129 159
130 159
92 160
93 160
94 160
99 160
100 160
101 160
106 160
107 160
108 160
114 160
115 160
116 160
119 160
120 160
121 160
122 160
128 160
129 160
93 161
94 161
95 161
98 161
99 161
100 161
101 161
106 161
107 161
108 161
114 161
115 161
116 161
119 161
120 161
121 161
122 161
127 161
128 161
129 161
130 161
78 162
79 162
80 162
81 162
85 162
92 162
93 162
94 162
95 162
98 162
99 162
100 162
101 162
105 162
106 162
107 162
108 162
114 162
115 162
116 162
117 162
118 162
119 162
120 162
121 162
122 162
123 162
127 162
128 162
129 162
130 162
78 163
79 163
80 163
81 163
82 163
83 163
84 163
85 163
86 163
92 163
93 163
94 163
95 163
98 163
99 163
100 163
101 163
102 163
105 163
106 163
107 163
108 163
114 163
115 163
116 163
117 163
118 163
119 163
120 163
121 163
122 163
123 163
126 163
127 163
128 163
129 163
130 163
79 164
80 164
81 164
82 164
83 164
84 164
85 164
86 164
92 164
93 164
94 164
95 164
98 164
99 164
100 164
101 164
102 164
106 164
107 164
108 164
114 164
115 164
116 164
117 164
118 164
119 164
120 164
121 164
122 164
123 164
126 164
127 164
128 164
129 164
83 165
84 165
92 165
93 165
94 165
98 165
99 165
100 165
101 165
102 165
106 165
107 165
108 165
115 165
116 165
117 165
118 165
119 165
120 165
121 165
122 165
123 165
126 165
127 165
100 166
101 166
115 166
99 169
100 169
99 170
100 170
101 170
