#InstrumentID: Terra 440
#DatasetName: 34DNT
#SampleInfo: 
#AcquisitionDate: 09/24/17 21:25:55
#IntegrationTime: 440 seconds
#Exposure 44 of 80
#Mode: *defaults*
#CameraParams: cameraSetpoint = -45
#PiezoParams: highPiezoFreq = 1600 lowPiezoFreq = 1550 piezoVolume = 95
#GeometryParams: axisX = 1117.49 axisY = 129 axisZ = 1219.85 sensorAngle1 = 29.6649 sensorAngle3 = 0
#EnergyParams: splitThreshold = 4 CuKaPeak = 598 kBFilterIn = 1
5	123.552
5.05	92.3251
5.1	101.431
5.15	102.712
5.2	114.655
5.25	89.1508
5.3	104.166
5.35	70.4163
5.4	98.0076
5.45	136.553
5.5	79.2937
5.55	94.5665
5.6	76.3194
5.65	114.859
5.7	80.0912
5.75	85.3048
5.8	104.764
5.85	104.318
5.9	81.6718
5.95	104.677
6	162.046
6.05	109.88
6.1	98.0424
6.15	85.3166
6.2	92.6141
6.25	98.5244
6.3	111.617
6.35	112.145
6.4	85.9577
6.45	87.9215
6.5	127.435
6.55	109.568
6.6	89.6279
6.65	121.72
6.7	130.267
6.75	114.318
6.8	90.9051
6.85	106.559
6.9	79.9342
6.95	102.803
7	118.357
7.05	102.039
7.1	120.422
7.15	108.103
7.2	84.2499
7.25	96.2318
7.3	116.489
7.35	84.4788
7.4	95.3567
7.45	100.542
7.5	124.035
7.55	112.322
7.6	65.694
7.65	98.0312
7.7	114.226
7.75	134.674
7.8	139.839
7.85	93.3168
7.9	66.9884
7.95	142.921
8	82.9079
8.05	142.845
8.1	101.461
8.15	124.671
8.2	130.332
8.25	109.112
8.3	100.431
8.35	140.963
8.4	128.877
8.45	104.347
8.5	94.7877
8.55	115.641
8.6	160.9
8.65	130
8.7	152.782
8.75	137.058
8.8	176.842
8.85	139.924
8.9	172.433
8.95	130.086
9	123.375
9.05	142.897
9.1	164.194
9.15	109.92
9.2	92.0166
9.25	125.927
9.3	139.151
9.35	124.338
9.4	93.7791
9.45	135.996
9.5	107.678
9.55	115.833
9.6	129.948
9.65	110.688
9.7	132.061
9.75	107.579
9.8	101.713
9.85	135.002
9.9	105.435
9.95	121.573
10	98.042
10.05	110.887
10.1	66.1005
10.15	68.5877
10.2	114.861
10.25	129.072
10.3	96.6957
10.35	86.4202
10.4	104.953
10.45	88.4521
10.5	73.4178
10.55	95.982
10.6	123.817
10.65	140.419
10.7	245.986
10.75	339.641
10.8	610.143
10.85	527.081
10.9	522.859
10.95	328.624
11	313.274
11.05	476.042
11.1	642.577
11.15	701.305
11.2	665.148
11.25	365.391
11.3	210.245
11.35	137.662
11.4	122.138
11.45	140.605
11.5	148.746
11.55	97.7844
11.6	126.605
11.65	83.9579
11.7	103.119
11.75	158.882
11.8	121.533
11.85	79.321
11.9	115.64
11.95	120.466
12	92.5836
12.05	95.6506
12.1	74.3162
12.15	114.428
12.2	107.768
12.25	114.817
12.3	110.118
12.35	131.022
12.4	100.778
12.45	106.202
12.5	107.881
12.55	137.619
12.6	134.743
12.65	149.469
12.7	93.3861
12.75	98.0346
12.8	100.431
12.85	113.775
12.9	83.6324
12.95	113.754
13	151.322
13.05	119.735
13.1	102.352
13.15	102.32
13.2	125.692
13.25	107.592
13.3	110.999
13.35	109.921
13.4	141.815
13.45	110.786
13.5	117.87
13.55	93.2514
13.6	135.777
13.65	97.6011
13.7	120.775
13.75	154.028
13.8	95.4825
13.85	170.648
13.9	155.872
13.95	126.228
14	167.422
14.05	185.038
14.1	143.447
14.15	187.378
14.2	171.488
14.25	156.624
14.3	163.124
14.35	117.415
14.4	159.287
14.45	120.828
14.5	154.881
14.55	156.198
14.6	140.231
14.65	121.374
14.7	174.289
14.75	90.7893
14.8	103.289
14.85	130.087
14.9	117.468
14.95	92.1837
15	117.427
15.05	134.637
15.1	113.69
15.15	129.95
15.2	78.5741
15.25	118.626
15.3	143.408
15.35	83.5326
15.4	115.481
15.45	124.001
15.5	118.495
15.55	106.442
15.6	113.109
15.65	101.466
15.7	109.399
15.75	105.362
15.8	150.923
15.85	139.083
15.9	161.883
15.95	167.985
16	150.318
16.05	113.351
16.1	105.487
16.15	149.814
16.2	119.296
16.25	109.881
16.3	120.403
16.35	133.244
16.4	117.328
16.45	139.299
16.5	167.625
16.55	115.82
16.6	129.367
16.65	130.695
16.7	132.554
16.75	130.399
16.8	121.447
16.85	136.057
16.9	167.792
16.95	141.44
17	143.399
17.05	185.699
17.1	104.973
17.15	134.991
17.2	138.656
17.25	184.995
17.3	203.798
17.35	231.029
17.4	210.538
17.45	288.827
17.5	233.848
17.55	201.209
17.6	140.694
17.65	129.564
17.7	131.591
17.75	116.155
17.8	111.697
17.85	133.759
17.9	132.647
17.95	116.037
18	116.095
18.05	138.663
18.1	124.269
18.15	125.443
18.2	118.157
18.25	136.296
18.3	150.364
18.35	134.239
18.4	129.519
18.45	106.41
18.5	126.38
18.55	136.526
18.6	128.062
18.65	154.898
18.7	114.283
18.75	115.146
18.8	133.643
18.85	112.797
18.9	97.7703
18.95	68.523
19	92.0181
19.05	103.623
19.1	90.0556
19.15	79.3477
19.2	84.0248
19.25	104.64
19.3	80.7783
19.35	106.336
19.4	76.3812
19.45	102.877
19.5	98.664
19.55	83.5711
19.6	78.6548
19.65	66.0252
19.7	91.3582
19.75	63.034
19.8	117.343
19.85	88.4952
19.9	101.653
19.95	101.182
20	91.6353
20.05	98.4018
20.1	110.408
20.15	119.015
20.2	118.259
20.25	117.09
20.3	89.5521
20.35	83.8671
20.4	97.0129
20.45	67.458
20.5	93.7844
20.55	112.259
20.6	119.495
20.65	110.942
20.7	109.883
20.75	76.8476
20.8	72.4166
20.85	58.1523
20.9	108.935
20.95	79.4994
21	69.9519
21.05	129.436
21.1	96.6581
21.15	133.214
21.2	143.318
21.25	133.549
21.3	86.9812
21.35	114.601
21.4	100.185
21.45	94.2456
21.5	135.546
21.55	101.953
21.6	106.954
21.65	104.851
21.7	120.503
21.75	79.9424
21.8	116.371
21.85	87.5952
21.9	101.436
21.95	67.3081
22	93.8357
22.05	133.885
22.1	82.4297
22.15	113.382
22.2	72.1397
22.25	103.568
22.3	114.27
22.35	90.7879
22.4	121.114
22.45	109.815
22.5	125.346
22.55	156.705
22.6	191.654
22.65	150.89
22.7	182.586
22.75	191.829
22.8	110.939
22.85	113.988
22.9	144.856
22.95	157.483
23	253.914
23.05	278.269
23.1	392.212
23.15	589.496
23.2	935.348
23.25	1184.8
23.3	1313.28
23.35	1484.64
23.4	1375.17
23.45	993.365
23.5	603.595
23.55	328.295
23.6	204.916
23.65	137.655
23.7	103.98
23.75	167.527
23.8	111.736
23.85	106.386
23.9	150.048
23.95	119.106
24	138.62
24.05	130.616
24.1	153.379
24.15	158.045
24.2	145.972
24.25	192.429
24.3	226.153
24.35	247.616
24.4	289.422
24.45	406.863
24.5	338.503
24.55	376
24.6	273.109
24.65	209.56
24.7	157.596
24.75	129.82
24.8	120.094
24.85	114.99
24.9	129.24
24.95	127.302
25	141.659
25.05	128.505
25.1	160.72
25.15	191.835
25.2	229.533
25.25	286.609
25.3	284.648
25.35	287.984
25.4	256.881
25.45	191.187
25.5	220.162
25.55	160.405
25.6	158.102
25.65	130.182
25.7	122.335
25.75	119.399
25.8	190.609
25.85	172.996
25.9	270.572
25.95	265.512
26	328.929
26.05	311.893
26.1	233.58
26.15	258.877
26.2	257.205
26.25	287.919
26.3	366.945
26.35	338.534
26.4	405.257
26.45	512.925
26.5	1244.81
26.55	2347.01
26.6	3207.96
26.65	3363.07
26.7	2770.84
26.75	1403.21
26.8	1190.91
26.85	828.846
26.9	463.486
26.95	280.414
27	224.238
27.05	222.07
27.1	213.731
27.15	327.229
27.2	466.064
27.25	608.041
27.3	670.366
27.35	695.855
27.4	580.811
27.45	332.182
27.5	304.36
27.55	239.678
27.6	156.004
27.65	147.174
27.7	108.703
27.75	131.569
27.8	129.347
27.85	105.906
27.9	67.3962
27.95	102.054
28	81.1145
28.05	88.8038
28.1	91.8295
28.15	89.9617
28.2	117.551
28.25	92.7286
28.3	136.999
28.35	115.478
28.4	91.2084
28.45	88.8801
28.5	101.444
28.55	85.0872
28.6	92.2691
28.65	70.2425
28.7	98.7671
28.75	94.5298
28.8	133.634
28.85	161.169
28.9	219.756
28.95	204.354
29	185.822
29.05	154.315
29.1	89.98
29.15	96.3508
29.2	74.266
29.25	95.859
29.3	83.8346
29.35	71.1527
29.4	89.5658
29.45	51.7836
29.5	51.4836
29.55	95.2247
29.6	94.0656
29.65	101.682
29.7	96.4813
29.75	108.842
29.8	66.4357
29.85	82.607
29.9	68.2445
29.95	78.1909
30	70.1328
30.05	75.6456
30.1	69.5592
30.15	73.7346
30.2	50.7086
30.25	66.4048
30.3	51.8833
30.35	57.7348
30.4	72.9591
30.45	56.9872
30.5	58.4048
30.55	85.1728
30.6	59.0873
30.65	77.3885
30.7	50.3309
30.75	66.7035
30.8	67.7726
30.85	56.5698
30.9	59.4423
30.95	59.9618
31	56.9282
31.05	61.546
31.1	62.1027
31.15	75.9633
31.2	81.3019
31.25	71.6157
31.3	92.6713
31.35	76.8366
31.4	72.4654
31.45	78.0548
31.5	119.276
31.55	72.7285
31.6	82.2047
31.65	71.4302
31.7	63.7081
31.75	66.5897
31.8	74.8441
31.85	79.2908
31.9	87.2503
31.95	75.9379
32	43.8433
32.05	53.3244
32.1	106.492
32.15	49.2457
32.2	68.929
32.25	67.3725
32.3	51.8669
32.35	70.1885
32.4	49.8813
32.45	57.1048
32.5	63.5752
32.55	33.4261
32.6	48.7318
32.65	68.5195
32.7	63.19
32.75	69.0122
32.8	61.769
32.85	92.4282
32.9	74.0001
32.95	95.0674
33	69.6654
33.05	72.5084
33.1	58.8169
33.15	64.2291
33.2	61.6342
33.25	60.0326
33.3	44.7654
33.35	43.5451
33.4	61.0275
33.45	49.9242
33.5	47.1996
33.55	38.2776
33.6	49.2319
33.65	50.3101
33.7	35.0397
33.75	58.6615
33.8	52.8492
33.85	42.4256
33.9	53.6517
33.95	27.3723
34	74.8387
34.05	58.1852
34.1	54.5137
34.15	44.1905
34.2	47.6648
34.25	55.6676
34.3	49.3714
34.35	43.4416
34.4	71.1638
34.45	66.6967
34.5	74.6489
34.55	86.7761
34.6	104.58
34.65	81.9306
34.7	70.8877
34.75	73.4932
34.8	55.6867
34.85	42.8521
34.9	57.9583
34.95	57.7633
35	40.4131
35.05	56.3795
35.1	53.8099
35.15	56.0481
35.2	92.3739
35.25	54.233
35.3	41.8305
35.35	93.4374
35.4	46.8847
35.45	41.523
35.5	48.9016
35.55	65.7461
35.6	33.2375
35.65	60.4912
35.7	29.9587
35.75	68.191
35.8	28.6169
35.85	62.5768
35.9	53.2678
35.95	56.7786
36	45.6697
36.05	29.5495
36.1	38.2731
36.15	61.7185
36.2	48.1307
36.25	58.506
36.3	44.239
36.35	30.5586
36.4	59.7627
36.45	70.9751
36.5	81.9491
36.55	53.612
36.6	40.044
36.65	48.636
36.7	53.3033
36.75	47.0974
36.8	67.6168
36.85	63.2179
36.9	32.0184
36.95	51.4691
37	57.9549
37.05	62.6633
37.1	71.0205
37.15	44.5501
37.2	44.8263
37.25	39.4392
37.3	60.2819
37.35	51.4946
37.4	31.5486
37.45	36.2157
37.5	28.297
37.55	44.7907
37.6	48.2169
37.65	48.251
37.7	45.1061
37.75	46.362
37.8	48.5485
37.85	60.0941
37.9	36.0938
37.95	48.1267
38	52.4172
38.05	48.1649
38.1	32.8516
38.15	36.4281
38.2	27.6899
38.25	25.8354
38.3	59.8849
38.35	30.3333
38.4	58.6847
38.45	54.0419
38.5	34.8193
38.55	33.1858
38.6	52.9418
38.65	41.7941
38.7	36.648
38.75	49.3878
38.8	44.614
38.85	41.74
38.9	54.9706
38.95	32.1369
39	30.4315
39.05	22.2392
39.1	50.8145
39.15	30.3259
39.2	60.8657
39.25	39.3589
39.3	37.0899
39.35	52.4608
39.4	29.5481
39.45	37.6944
39.5	68.5507
39.55	34.1486
39.6	35.2122
39.65	34.6314
39.7	54.7448
39.75	34.7779
39.8	31.8552
39.85	44.6933
39.9	40.1984
39.95	37.0071
40	59.2328
40.05	57.7827
40.1	51.7974
40.15	36.1529
40.2	13.6979
40.25	31.0408
40.3	30.7377
40.35	40.6124
40.4	45.9997
40.45	51.6101
40.5	50.2024
40.55	61.2954
40.6	40.6097
40.65	23.016
40.7	38.79
40.75	19.7413
40.8	31.0071
40.85	61.9662
40.9	40.7635
40.95	51.3275
41	50.8091
41.05	36.4214
41.1	35.5451
41.15	60.706
41.2	50.9507
41.25	42.4217
41.3	45.4317
41.35	42.74
41.4	53.1159
41.45	44.8593
41.5	19.9429
41.55	56.5976
41.6	39.5318
41.65	36.7839
41.7	34.0773
41.75	47.392
41.8	54.7696
41.85	57.0497
41.9	40.3196
41.95	37.2778
42	68.8825
42.05	41.1363
42.1	39.1405
42.15	43.5907
42.2	30.9389
42.25	36.8575
42.3	43.0927
42.35	36.9558
42.4	28.2862
42.45	43.3998
42.5	60.2511
42.55	56.5472
42.6	31.911
42.65	38.05
42.7	45.4594
42.75	38.6814
42.8	55.96
42.85	47.3752
42.9	42.3627
42.95	47.3933
43	33.6291
43.05	35.94
43.1	42.4747
43.15	44.7344
43.2	72.3504
43.25	25.3881
43.3	37.4188
43.35	36.9695
43.4	41.8597
43.45	51.9371
43.5	36.7976
43.55	44.9859
43.6	37.8383
43.65	51.096
43.7	25.7544
43.75	47.4173
43.8	66.5228
43.85	38.3034
43.9	50.5142
43.95	58.7905
44	43.523
44.05	61.7467
44.1	46.351
44.15	52.4971
44.2	45.76
44.25	34.3969
44.3	34.9047
44.35	31.7901
44.4	40.3233
44.45	11.2361
44.5	26.2089
44.55	33.5124
44.6	44.619
44.65	15.3468
44.7	32.0121
44.75	37.7241
44.8	49.108
44.85	40.4877
44.9	31.6173
44.95	20.0259
45	28.431
45.05	37.6245
45.1	14.4834
45.15	31.7193
45.2	26.0947
45.25	31.6871
45.3	30.303
45.35	42.8714
45.4	28.7551
45.45	35.0143
45.5	51.532
45.55	40.3614
45.6	52.1125
45.65	39.633
45.7	34.9588
45.75	28.7161
45.8	49.1289
45.85	40.4946
45.9	31.8634
45.95	34.6837
46	44.8221
46.05	39.4743
46.1	25.8805
46.15	56.7313
46.2	50.0974
46.25	37.7255
46.3	25.9345
46.35	28.6163
46.4	41.7024
46.45	27.385
46.5	35.2355
46.55	42.8514
46.6	30.9942
46.65	34.1589
46.7	62.7817
46.75	43.4666
46.8	45.8229
46.85	51.6143
46.9	48.5643
46.95	31.628
47	56.1202
47.05	69.1848
47.1	45.3583
47.15	44.2248
47.2	54.7325
47.25	38.0583
47.3	52.4362
47.35	53.3213
47.4	48.8936
47.45	26.5978
47.5	41.862
47.55	31.9723
47.6	39.3034
47.65	44.2685
47.7	34.4983
47.75	47.0188
47.8	27.5502
47.85	25.9893
47.9	59.6777
47.95	58.8373
48	48.215
48.05	47.3664
48.1	28.9299
48.15	29.6942
48.2	29.8064
48.25	23.2957
48.3	35.7203
48.35	45.0354
48.4	41.4425
48.45	32.2159
48.5	43.1021
48.55	38.2349
48.6	56.6782
48.65	38.6768
48.7	25.4267
48.75	27.7921
48.8	51.2756
48.85	45.9804
48.9	31.9375
48.95	20.7839
49	33.0177
49.05	37.0025
49.1	50.2025
49.15	30.9456
49.2	38.1379
49.25	36.548
49.3	35.7553
49.35	30.0123
49.4	43.6683
49.45	54.3226
49.5	59.2551
49.55	67.7535
49.6	46.2861
49.65	39.8399
49.7	24.2398
49.75	17.9396
49.8	30.9426
49.85	30.2337
49.9	39.1993
49.95	57.9968
50	35.011
50.05	45.6932
50.1	69.521
50.15	51.2155
50.2	50.9083
50.25	38.4328
50.3	35.6433
50.35	33.2457
50.4	53.5666
50.45	32.839
50.5	46.7537
50.55	37.63
50.6	24.1549
50.65	43.9478
50.7	30.6535
50.75	32.6242
50.8	31.3046
50.85	32.0938
50.9	59.8789
50.95	14.7338
51	37.4694
51.05	38.8117
51.1	26.9771
51.15	26.9592
51.2	33.2023
51.25	55.3263
51.3	37.2973
51.35	42.0705
51.4	29.0032
51.45	42.7903
51.5	14.2968
51.55	29.3424
51.6	35.6754
51.65	44.5355
51.7	56.5234
51.75	33.0819
51.8	49.4075
51.85	35.2716
51.9	63.0355
51.95	51.7249
52	30.2889
52.05	52.6146
52.1	44.132
52.15	35.7734
52.2	35.4545
52.25	35.7902
52.3	42.4067
52.35	47.3668
52.4	30.2852
52.45	42.4547
52.5	42.5897
52.55	41.1913
52.6	24.6215
52.65	21.7907
52.7	17.3864
52.75	47.004
52.8	26.9167
52.85	20.4025
52.9	59.0798
52.95	47.6604
53	32.6136
53.05	30.7169
53.1	22.1425
53.15	26.2547
53.2	35.0649
53.25	40.3771
53.3	39.0725
53.35	59.3798
53.4	62.524
53.45	33.4648
53.5	52.3861
53.55	37.4942
53.6	46.7034
53.65	37.6904
53.7	68.9025
53.75	47.8065
53.8	77.7446
53.85	22.2472
53.9	46.3743
53.95	31.257
54	21.8747
54.05	54.8568
54.1	25.1991
54.15	43.7473
54.2	18.7088
54.25	57.8797
54.3	25.9805
54.35	27.1592
54.4	27.2363
54.45	34.0076
54.5	47.524
54.55	23.1027
54.6	19.4707
54.65	64.2532
54.7	37.199
54.75	34.1988
54.8	31.5202
54.85	28.2885
54.9	28.871
54.95	20.4042
55	37.3673
