#InstrumentID: Terra 440
#DatasetName: 34DNT
#SampleInfo: 
#AcquisitionDate: 09/24/17 21:25:55
#IntegrationTime: 440 seconds
#Exposure 44 of 80
#Mode: *defaults*
#CameraParams: cameraSetpoint = -45
#PiezoParams: highPiezoFreq = 1600 lowPiezoFreq = 1550 piezoVolume = 95
#GeometryParams: axisX = 1117.49 axisY = 129 axisZ = 1219.85 sensorAngle1 = 29.6649 sensorAngle3 = 0
#EnergyParams: splitThreshold = 4 CuKaPeak = 598 kBFilterIn = 1
5	113.249
5.05	78.009
5.1	79.2422
5.15	58.7993
5.2	74.5894
5.25	76.3891
5.3	88.3176
5.35	62.1815
5.4	80.6461
5.45	103.94
5.5	73.5997
5.55	61.8954
5.6	41.5651
5.65	89.9116
5.7	54.8098
5.75	39.1681
5.8	83.3891
5.85	92.0549
5.9	53.412
5.95	76.5544
6	115.819
6.05	85.3503
6.1	83.9058
6.15	69.6123
6.2	52.5051
6.25	80.0717
6.3	84.5767
6.35	66.0257
6.4	53.0618
6.45	66.0323
6.5	87.1387
6.55	67.9427
6.6	59.0692
6.65	66.1454
6.7	66.5471
6.75	79.0359
6.8	47.0363
6.85	82.3402
6.9	55.5758
6.95	77.9507
7	78.3333
7.05	48.2876
7.1	78.79
7.15	75.1525
7.2	47.5443
7.25	55.4885
7.3	78.1534
7.35	60.4317
7.4	83.0641
7.45	71.1471
7.5	97.1245
7.55	76.4403
7.6	49.1591
7.65	79.1406
7.7	70.1813
7.75	93.0866
7.8	97.3767
7.85	55.5049
7.9	48.497
7.95	81.492
8	67.6426
8.05	92.3867
8.1	70.017
8.15	86.5403
8.2	85.024
8.25	60.952
8.3	56.5309
8.35	97.2734
8.4	76.8665
8.45	61.5348
8.5	71.9469
8.55	59.9845
8.6	87.2677
8.65	82.1507
8.7	95.8564
8.75	99.1398
8.8	133.383
8.85	84.0223
8.9	116.367
8.95	94.7642
9	81.8471
9.05	71.1838
9.1	80.7024
9.15	58.9151
9.2	68.783
9.25	82.5801
9.3	92.0721
9.35	74.3297
9.4	71.4918
9.45	85.1506
9.5	64.3583
9.55	92.4197
9.6	73.3628
9.65	78.5909
9.7	81.842
9.75	82.0283
9.8	79.3993
9.85	65.3142
9.9	69.4428
9.95	70.2967
10	57.7866
10.05	74.5864
10.1	32.9821
10.15	42.0236
10.2	79.0609
10.25	68.3804
10.3	70.2206
10.35	53.0356
10.4	57.0418
10.45	66.4158
10.5	64.7901
10.55	68.4191
10.6	84.0475
10.65	92.2602
10.7	70.9117
10.75	63.423
10.8	125.665
10.85	103.315
10.9	120.448
10.95	118.271
11	186.32
11.05	178.988
11.1	208.582
11.15	219.73
11.2	148.177
11.25	117.732
11.3	112.799
11.35	90.5026
11.4	90.71
11.45	106.511
11.5	102.826
11.55	54.0264
11.6	95.0024
11.65	55.9708
11.7	67.68
11.75	83.7267
11.8	72.9561
11.85	53.0329
11.9	68.5359
11.95	64.6026
12	61.45
12.05	58.194
12.1	56.5017
12.15	90.0037
12.2	81.1892
12.25	76.4555
12.3	64.8924
12.35	89.7795
12.4	64.9539
12.45	71.3765
12.5	78.817
12.55	86.6231
12.6	58.7424
12.65	102.328
12.7	66.4682
12.75	68.4257
12.8	56.5588
12.85	76.8091
12.9	54.0252
12.95	73.2996
13	110.995
13.05	91.1676
13.1	62.7285
13.15	69.2589
13.2	82.7574
13.25	63.1353
13.3	85.9829
13.35	76.6964
13.4	67.1831
13.45	72.7058
13.5	76.5454
13.55	49.5657
13.6	108.885
13.65	68.4476
13.7	87.39
13.75	87.5489
13.8	76.9527
13.85	98.8075
13.9	105.175
13.95	83.9986
14	130.4
14.05	136.2
14.1	107.339
14.15	122.42
14.2	119.861
14.25	108.593
14.3	96.9418
14.35	88.4676
14.4	118.475
14.45	98.0065
14.5	114.73
14.55	120.242
14.6	87.0788
14.65	104.439
14.7	106.102
14.75	83.1166
14.8	75.265
14.85	103.052
14.9	83.4775
14.95	67.2671
15	81.4461
15.05	101.798
15.1	91.525
15.15	85.9471
15.2	64.1446
15.25	72.5383
15.3	96.929
15.35	52.1055
15.4	78.0914
15.45	87.0459
15.5	98.5419
15.55	80.6278
15.6	86.141
15.65	78.7599
15.7	79.8343
15.75	75.4282
15.8	120.084
15.85	103.682
15.9	114.414
15.95	137.829
16	117.002
16.05	98.1936
16.1	80.7906
16.15	110.361
16.2	93.8093
16.25	103.512
16.3	103.142
16.35	88.7467
16.4	90.1577
16.45	109.965
16.5	126.765
16.55	93.413
16.6	109.703
16.65	115.099
16.7	109.733
16.75	108.461
16.8	89.0422
16.85	111.133
16.9	125.759
16.95	110.159
17	89.437
17.05	134.476
17.1	95.78
17.15	112.517
17.2	113.419
17.25	148.23
17.3	150.85
17.35	167.151
17.4	146.337
17.45	209.343
17.5	192.263
17.55	174.045
17.6	116.83
17.65	94.5402
17.7	109.219
17.75	92.7943
17.8	71.9816
17.85	91.407
17.9	94.743
17.95	88.54
18	89.2602
18.05	113.244
18.1	72.9672
18.15	89.6471
18.2	82.798
18.25	91.7188
18.3	83.6257
18.35	86.7668
18.4	104.746
18.45	83.3025
18.5	97.4391
18.55	91.8419
18.6	113.523
18.65	119.218
18.7	86.5718
18.75	92.4989
18.8	96.7974
18.85	58.0251
18.9	62.9604
18.95	52.3262
19	69.5269
19.05	74.4576
19.1	66.1255
19.15	64.4166
19.2	62.8444
19.25	83.8487
19.3	53.5639
19.35	76.3099
19.4	52.7101
19.45	65.9984
19.5	67.5516
19.55	47.4443
19.6	72.4926
19.65	48.4951
19.7	70.5133
19.75	48.8872
19.8	87.0108
19.85	76.03
19.9	66.0725
19.95	77.9443
20	66.7555
20.05	69.3894
20.1	94.2818
20.15	81.9063
20.2	86.6759
20.25	78.9063
20.3	62.4891
20.35	65.9288
20.4	69.341
20.45	60.7813
20.5	66.4867
20.55	80.6877
20.6	77.934
20.65	76.3753
20.7	65.3514
20.75	65.7278
20.8	66.2141
20.85	51.5984
20.9	79.2821
20.95	56.0721
21	63.4508
21.05	87.4039
21.1	80.5587
21.15	102.934
21.2	110.978
21.25	104.098
21.3	63.111
21.35	83.8953
21.4	68.1028
21.45	81.6183
21.5	117.099
21.55	79.4845
21.6	88.4527
21.65	64.6909
21.7	91.6432
21.75	64.0571
21.8	90.1739
21.85	73.9234
21.9	72.3991
21.95	38.0078
22	81.441
22.05	104.509
22.1	79.2894
22.15	89.5113
22.2	54.5062
22.25	79.7753
22.3	80.4499
22.35	78.8936
22.4	91.4282
22.45	93.8856
22.5	100.948
22.55	127.837
22.6	146.596
22.65	112.6
22.7	136.014
22.75	131.645
22.8	92.4011
22.85	78.8511
22.9	105.875
22.95	115.048
23	205.568
23.05	190.09
23.1	255.843
23.15	420.187
23.2	574.805
23.25	593.046
23.3	620.105
23.35	581.893
23.4	592.61
23.45	468.179
23.5	349.633
23.55	249.209
23.6	165.064
23.65	124.471
23.7	93.8109
23.75	114.69
23.8	83.9495
23.85	88.617
23.9	108.083
23.95	79.5968
24	99.416
24.05	87.554
24.1	114.021
24.15	121.376
24.2	118.617
24.25	128.276
24.3	182.372
24.35	188.577
24.4	225.3
24.45	262.865
24.5	226.647
24.55	226.087
24.6	168.286
24.65	155.581
24.7	137.813
24.75	117.855
24.8	96.5839
24.85	98.7378
24.9	108.288
24.95	94.7492
25	114.656
25.05	106.639
25.1	149.22
25.15	159.736
25.2	194.976
25.25	231.935
25.3	244.086
25.35	205.847
25.4	186.869
25.45	141.377
25.5	174.664
25.55	121.614
25.6	136.263
25.65	106.28
25.7	74.1137
25.75	91.0001
25.8	125.115
25.85	98.8231
25.9	172.489
25.95	152.036
26	187.941
26.05	181.192
26.1	171.384
26.15	196.859
26.2	181.551
26.25	216.576
26.3	259.494
26.35	246.614
26.4	323.133
26.45	266.001
26.5	290.506
26.55	339.536
26.6	336.559
26.65	367.925
26.7	415.026
26.75	377.516
26.8	311.285
26.85	302.816
26.9	218.77
26.95	170.691
27	155.543
27.05	170.262
27.1	145.506
27.15	239.1
27.2	262.942
27.25	344.887
27.3	347.144
27.35	347.122
27.4	391.904
27.45	265.623
27.5	225.185
27.55	216.787
27.6	141.62
27.65	110.977
27.7	102.109
27.75	111.918
27.8	117.404
27.85	79.9204
27.9	61.8035
27.95	79.0493
28	70.0616
28.05	68.1859
28.1	79.7882
28.15	72.1822
28.2	109.18
28.25	71.3215
28.3	107.285
28.35	88.4982
28.4	81.9342
28.45	70.8887
28.5	73.667
28.55	68.2636
28.6	86.0438
28.65	56.5249
28.7	74.8706
28.75	68.8069
28.8	118.692
28.85	132.226
28.9	122.502
28.95	151.833
29	129.384
29.05	97.5316
29.1	73.1024
29.15	61.6127
29.2	63.7067
29.25	84.5544
29.3	72.0982
29.35	60.7676
29.4	72.9508
29.45	42.7294
29.5	46.3625
29.55	77.5702
29.6	81.4158
29.65	88.432
29.7	78.9966
29.75	95.4258
29.8	60.5208
29.85	82.3939
29.9	59.9935
29.95	69.3913
30	66.0575
30.05	61.0084
30.1	65.523
30.15	64.8593
30.2	47.6299
30.25	61.7516
30.3	51.8513
30.35	48.3885
30.4	56.7821
30.45	52.1838
30.5	41.1536
30.55	75.1963
30.6	53.1842
30.65	57.3462
30.7	44.0137
30.75	52.7653
30.8	58.229
30.85	49.9661
30.9	51.6907
30.95	57.1724
31	37.8383
31.05	51.0226
31.1	57.3818
31.15	75.7767
31.2	81.184
31.25	58.5185
31.3	92.4102
31.35	66.0072
31.4	65.239
31.45	67.2913
31.5	88.8613
31.55	61.6371
31.6	56.9292
31.65	59.6012
31.7	56.4416
31.75	60.1134
31.8	66.2215
31.85	70.5253
31.9	74.4099
31.95	65.6804
32	37.8822
32.05	50.4559
32.1	88.2675
32.15	41.6996
32.2	55.5543
32.25	48.6231
32.3	49.1945
32.35	67.325
32.4	44.0339
32.45	43.3803
32.5	54.2648
32.55	30.6319
32.6	43.7961
32.65	57.5433
32.7	46.936
32.75	62.9687
32.8	57.9946
32.85	82.9791
32.9	73.8998
32.95	80.0087
33	34.7069
33.05	67.9865
33.1	49.0087
33.15	49.8158
33.2	58.8948
33.25	46.2348
33.3	38.7494
33.35	39.0714
33.4	57.3961
33.45	47.042
33.5	38.435
33.55	38.442
33.6	45.8285
33.65	45.4915
33.7	31.921
33.75	51.3925
33.8	44.2926
33.85	38.216
33.9	43.6581
33.95	22.0227
34	54.9698
34.05	54.5275
34.1	45.5432
34.15	37.9097
34.2	38.5333
34.25	52.7656
34.3	38.4855
34.35	43.5193
34.4	66.4425
34.45	55.2758
34.5	68.9351
34.55	67.7187
34.6	69.4881
34.65	48.8265
34.7	62.8343
34.75	66.7612
34.8	38.6892
34.85	38.272
34.9	53.3717
34.95	57.9701
35	30.8757
35.05	44.5863
35.1	51.0378
35.15	38.3199
35.2	76.7413
35.25	45.9408
35.3	33.183
35.35	65.8511
35.4	35.3722
35.45	38.725
35.5	44.5395
35.55	65.9444
35.6	33.2278
35.65	45.1429
35.7	29.9311
35.75	54.0844
35.8	24.986
35.85	56.9447
35.9	35.5105
35.95	56.8694
36	36.08
36.05	24.7799
36.1	32.4915
36.15	53.2085
36.2	35.5947
36.25	46.9641
36.3	36.1525
36.35	24.6161
36.4	50.5277
36.45	66.3177
36.5	75.2482
36.55	47.3672
36.6	37.1399
36.65	45.6062
36.7	49.7409
36.75	44.3151
36.8	57.6185
36.85	57.7345
36.9	22.3616
36.95	51.7466
37	53.074
37.05	59.9671
37.1	63.767
37.15	25.1582
37.2	41.3045
37.25	39.5191
37.3	52.849
37.35	44.0305
37.4	31.6443
37.45	33.3368
37.5	28.2638
37.55	39.3024
37.6	30.1018
37.65	30.386
37.7	41.4169
37.75	38.9514
37.8	43.4826
37.85	52.993
37.9	24.7506
37.95	45.318
38	38.1388
38.05	42.236
38.1	25.5127
38.15	32.6575
38.2	27.9421
38.25	16.9617
38.3	56.9282
38.35	30.5141
38.4	49.1845
38.45	51.3026
38.5	31.6554
38.55	33.3015
38.6	33.3455
38.65	32.8234
38.7	33.6264
38.75	44.1218
38.8	38.669
38.85	41.7767
38.9	39.3446
38.95	21.922
39	22.6869
39.05	16.5823
39.1	45.046
39.15	30.4833
39.2	45.4639
39.25	36.3733
39.3	34.0474
39.35	45.1195
39.4	26.0653
39.45	31.6305
39.5	62.917
39.55	33.9547
39.6	30.0586
39.65	30.6346
39.7	50.9729
39.75	27.6233
39.8	25.3402
39.85	35.9628
39.9	36.297
39.95	27.8703
40	36.9144
40.05	41.2669
40.1	41.9024
40.15	25.5626
40.2	8.41085
40.25	31.0124
40.3	30.8406
40.35	28.2669
40.4	42.7619
40.45	47.6687
40.5	31.898
40.55	45.991
40.6	32.2446
40.65	16.8881
40.7	38.7112
40.75	16.88
40.8	27.9004
40.85	50.6596
40.9	33.572
40.95	44.7682
41	47.5544
41.05	36.3143
41.1	19.9305
41.15	60.6685
41.2	45.3975
41.25	42.4454
41.3	33.977
41.35	33.7023
41.4	41.823
41.45	45.0101
41.5	19.8624
41.55	46.1409
41.6	39.4231
41.65	36.6196
41.7	31.0061
41.75	39.7846
41.8	51.6249
41.85	48.4441
41.9	34.4378
41.95	37.394
42	53.1316
42.05	37.5747
42.1	36.2238
42.15	31.1991
42.2	30.92
42.25	28.3672
42.3	39.3688
42.35	36.9319
42.4	25.3924
42.45	33.2858
42.5	57.377
42.55	53.6657
42.6	19.5194
42.65	25.8592
42.7	45.294
42.75	28.8504
42.8	47.79
42.85	31.2159
42.9	39.337
42.95	36.5409
43	25.5469
43.05	28.8833
43.1	36.9733
43.15	39.4997
43.2	62.5943
43.25	25.4115
43.3	37.3474
43.35	31.134
43.4	34.2477
43.45	43.1712
43.5	28.3625
43.55	40.0583
43.6	28.6081
43.65	42.612
43.7	25.7927
43.75	39.7699
43.8	57.4156
43.85	28.7052
43.9	43.0709
43.95	52.5698
44	31.1748
44.05	48.4903
44.1	40.0128
44.15	46.4407
44.2	42.869
44.25	25.7161
44.3	34.6824
44.35	31.7755
44.4	32.0373
44.45	5.90319
44.5	26.1844
44.55	19.9306
44.6	40.0207
44.65	11.5167
44.7	22.8896
44.75	34.295
44.8	42.9382
44.85	31.5397
44.9	31.4928
44.95	19.9442
45	25.6322
45.05	34.4878
45.1	14.498
45.15	31.6328
45.2	23.054
45.25	31.7114
45.3	25.9096
45.35	34.5901
45.4	28.8319
45.45	31.7617
45.5	51.57
45.55	31.5721
45.6	45.9035
45.65	33.9292
45.7	28.8087
45.75	23.1798
45.8	49.2888
45.85	40.7283
45.9	23.225
45.95	34.6691
46	40.4134
46.05	39.559
46.1	26.0393
46.15	52.5662
46.2	32.1481
46.25	37.6816
46.3	23.0301
46.35	28.5487
46.4	34.829
46.45	14.6559
46.5	26.2255
46.55	42.5143
46.6	28.0766
46.65	34.211
46.7	52.2573
46.75	43.3941
46.8	34.3469
46.85	45.9017
46.9	32.289
46.95	28.6767
47	52.9042
47.05	54.5838
47.1	37.6665
47.15	40.8382
47.2	54.6363
47.25	31.9451
47.3	52.2412
47.35	50.225
47.4	42.6548
47.45	23.4663
47.5	34.9969
47.55	31.8706
47.6	35.0935
47.65	44.2045
47.7	34.5129
47.75	46.8226
47.8	20.6365
47.85	22.9409
47.9	47.2714
47.95	43.6612
48	35.2643
48.05	41.4872
48.1	28.9686
48.15	29.5213
48.2	26.3877
48.25	23.3347
48.3	32.258
48.35	35.4792
48.4	41.4379
48.45	29.3797
48.5	32.5888
48.55	38.2639
48.6	56.4159
48.65	38.6717
48.7	17.7435
48.75	19.574
48.8	48.3811
48.85	40.7676
48.9	31.6588
48.95	20.7296
49	17.3954
49.05	26.3286
49.1	44.2723
49.15	26.2015
49.2	38.1282
49.25	32.3808
49.3	35.6563
49.35	26.4729
49.4	38.8529
49.45	47.4707
49.5	56.0522
49.55	59.934
49.6	41.6736
49.65	29.3614
49.7	24.2347
49.75	17.9444
49.8	20.6071
49.85	30.1176
49.9	39.3404
49.95	54.0969
50	32.0248
50.05	32.2875
50.1	47.0447
50.15	41.0054
50.2	47.7972
50.25	38.3585
50.3	35.6788
50.35	33.241
50.4	44.7222
50.45	32.8791
50.5	38.8016
50.55	33.1347
50.6	21.1439
50.65	35.9513
50.7	26.9657
50.75	29.4772
50.8	28.3283
50.85	32.0018
50.9	50.3897
50.95	14.7139
51	32.3819
51.05	38.9366
51.1	21.1676
51.15	27.0092
51.2	30.1051
51.25	50.7818
51.3	24.3337
51.35	36.239
51.4	24.4969
51.45	33.5116
51.5	14.2922
51.55	25.7239
51.6	35.6054
51.65	35.8466
51.7	47.9199
51.75	32.9413
51.8	44.6875
51.85	30.2329
51.9	57.9879
51.95	51.4869
52	30.2993
52.05	49.4717
52.1	36.4761
52.15	28.0747
52.2	32.3846
52.25	32.599
52.3	42.473
52.35	35.9233
52.4	30.1792
52.45	39.2553
52.5	42.5942
52.55	27.7521
52.6	24.5649
52.65	21.6916
52.7	14.2808
52.75	43.6951
52.8	26.9667
52.85	14.8841
52.9	51.4924
52.95	36.3619
53	27.946
53.05	30.5227
53.1	18.6535
53.15	21.8129
53.2	26.8155
53.25	25.6396
53.3	27.1188
53.35	47.1797
53.4	43.1908
53.45	33.4647
53.5	52.3859
53.55	28.0654
53.6	37.1594
53.65	31.2211
53.7	62.688
53.75	41.4382
53.8	45.109
53.85	12.0424
53.9	46.3022
53.95	31.2306
54	18.6105
54.05	49.7238
54.1	25.2942
54.15	28.0625
54.2	14.958
54.25	45.221
54.3	15.3804
54.35	18.5065
54.4	18.9609
54.45	28.037
54.5	31.7073
54.55	17.2317
54.6	14.8889
54.65	27.0954
54.7	37.0956
54.75	34.293
54.8	31.4142
54.85	25.1562
54.9	19.0582
54.95	11.2852
55	33.1103
